random, model, zhao2020, ilp
1.000000, 1.000000, 1.000000, 1.000000
1.000000, 1.000000, 1.000000, 1.000000
1.000000, 1.000000, 1.000000, 1.000000
1.000000, 1.000000, 1.000000, 1.000000
1.000000, 1.000000, 1.000000, 1.000000
1.000000, 1.000000, 1.000000, 1.000000
1.000000, 1.000000, 1.000000, 1.000000
1.000000, 1.000000, 1.000000, 1.000000
1.000000, 1.000000, 1.000000, 1.000000
1.000000, 1.000000, 1.000000, 1.000000
1.000000, 1.105431, 1.000000, 1.000000
1.000000, 1.000000, 1.000000, 1.000000
1.000000, 1.000000, 1.000000, 1.000000
1.000000, 1.000000, 1.000000, 1.000000
1.000000, 1.000000, 1.000000, 1.000000
1.000000, 1.000000, 1.000000, 1.000000
1.000000, 1.000000, 1.000000, 1.000000
1.000000, 1.000000, 1.000000, 1.000000
1.007317, 1.024390, 1.000000, 1.000000
1.000000, 1.000000, 1.000000, 1.000000
1.000000, 1.000000, 1.000000, 1.000000
1.000000, 1.000000, 1.000000, 1.000000
1.000000, 1.000000, 1.000000, 1.000000
1.000000, 1.000000, 1.000000, 1.000000
1.000000, 1.000000, 1.000000, 1.000000
1.000000, 1.000000, 1.000000, 1.000000
1.000000, 1.000000, 1.000000, 1.000000
1.000000, 1.000000, 1.000000, 1.000000
1.000000, 1.000000, 1.000000, 1.000000
1.020576, 1.020576, 1.000000, 1.000000
1.000000, 1.000000, 1.000000, 1.000000
1.000000, 1.006667, 1.000000, 1.000000
1.000000, 1.000000, 1.000000, 1.000000
1.000000, 1.000000, 1.000000, 1.000000
1.000000, 1.000000, 1.000000, 1.000000
1.000000, 1.000000, 1.000000, 1.000000
1.101852, 1.101852, 1.000000, 1.000000
1.122024, 1.077381, 1.000000, 1.000000
1.000000, 1.000000, 1.000000, 1.000000
1.000000, 1.065963, 1.000000, 1.000000
1.000000, 1.000000, 1.000000, 1.000000
1.000000, 1.000000, 1.000000, 1.000000
1.000000, 1.000000, 1.000000, 1.000000
1.000000, 1.000000, 1.000000, 1.000000
1.000000, 1.000000, 1.000000, 1.000000
1.000000, 1.000000, 1.000000, 1.000000
1.000000, 1.000000, 1.000000, 1.000000
1.000000, 1.000000, 1.000000, 1.000000
1.000000, 1.000000, 1.000000, 1.000000
1.000000, 1.000000, 1.000000, 1.000000
1.000000, 1.000000, 1.000000, 1.000000
1.000000, 1.000000, 1.000000, 1.000000
1.000000, 1.000000, 1.000000, 1.000000
1.000000, 1.000000, 1.000000, 1.000000
1.024450, 1.000000, 1.000000, 1.000000
1.000000, 1.000000, 1.000000, 1.000000
1.000000, 1.000000, 1.000000, 1.000000
1.000000, 1.000000, 1.000000, 1.000000
1.000000, 1.000000, 1.000000, 1.000000
1.000000, 1.000000, 1.000000, 1.000000
1.231788, 1.195364, 1.000000, 1.000000
1.000000, 1.000000, 1.000000, 1.000000
1.000000, 1.000000, 1.000000, 1.000000
1.000000, 1.000000, 1.000000, 1.000000
1.000000, 1.000000, 1.000000, 1.000000
1.125333, 1.056000, 1.000000, 1.000000
1.000000, 1.000000, 1.000000, 1.000000
1.000000, 1.000000, 1.000000, 1.000000
1.000000, 1.000000, 1.000000, 1.000000
1.032641, 1.000000, 1.000000, 1.000000
1.000000, 1.000000, 1.000000, 1.000000
1.000000, 1.000000, 1.000000, 1.000000
1.000000, 1.000000, 1.000000, 1.000000
1.025862, 1.017241, 1.000000, 1.000000
1.000000, 1.000000, 1.000000, 1.000000
1.011029, 1.102941, 1.000000, 1.000000
1.000000, 1.000000, 1.000000, 1.000000
1.000000, 1.000000, 1.000000, 1.000000
1.000000, 1.000000, 1.000000, 1.000000
1.000000, 1.000000, 1.000000, 1.000000
1.000000, 1.000000, 1.000000, 1.000000
1.000000, 1.000000, 1.000000, 1.000000
1.013774, 1.013774, 1.000000, 1.000000
1.000000, 1.000000, 1.000000, 1.000000
1.000000, 1.000000, 1.000000, 1.000000
1.176000, 1.136000, 1.000000, 1.000000
1.000000, 1.002725, 1.000000, 1.000000
1.000000, 1.000000, 1.000000, 1.000000
1.000000, 1.000000, 1.000000, 1.000000
1.000000, 1.000000, 1.000000, 1.000000
1.000000, 1.000000, 1.000000, 1.000000
1.005618, 1.165730, 1.000000, 1.000000
1.000000, 1.000000, 1.000000, 1.000000
1.097484, 1.091195, 1.000000, 1.000000
1.000000, 1.000000, 1.000000, 1.000000
1.000000, 1.000000, 1.000000, 1.000000
1.000000, 1.000000, 1.000000, 1.000000
1.000000, 1.000000, 1.000000, 1.000000
1.000000, 1.046729, 1.000000, 1.000000
1.000000, 1.000000, 1.000000, 1.000000
1.000000, 1.005698, 1.000000, 1.000000
1.000000, 1.000000, 1.000000, 1.000000
1.000000, 1.000000, 1.000000, 1.000000
1.000000, 1.000000, 1.000000, 1.000000
1.000000, 1.000000, 1.000000, 1.000000
1.000000, 1.064897, 1.000000, 1.000000
1.079137, 1.000000, 1.000000, 1.000000
1.000000, 1.000000, 1.000000, 1.000000
1.000000, 1.000000, 1.000000, 1.000000
1.000000, 1.000000, 1.000000, 1.000000
1.000000, 1.000000, 1.000000, 1.000000
1.000000, 1.000000, 1.000000, 1.000000
1.000000, 1.000000, 1.000000, 1.000000
1.000000, 1.000000, 1.000000, 1.000000
1.112392, 1.000000, 1.000000, 1.000000
1.000000, 1.000000, 1.000000, 1.000000
1.000000, 1.006579, 1.000000, 1.000000
1.000000, 1.000000, 1.000000, 1.000000
1.000000, 1.000000, 1.000000, 1.000000
1.000000, 1.000000, 1.000000, 1.000000
1.000000, 1.000000, 1.000000, 1.000000
1.000000, 1.000000, 1.000000, 1.000000
1.000000, 1.000000, 1.000000, 1.000000
1.000000, 1.000000, 1.000000, 1.000000
1.000000, 1.000000, 1.000000, 1.000000
1.000000, 1.000000, 1.000000, 1.000000
1.000000, 1.000000, 1.000000, 1.000000
1.000000, 1.000000, 1.000000, 1.000000
1.000000, 1.000000, 1.000000, 1.000000
1.000000, 1.000000, 1.000000, 1.000000
1.000000, 1.000000, 1.000000, 1.000000
1.000000, 1.000000, 1.000000, 1.000000
1.000000, 1.000000, 1.000000, 1.000000
1.000000, 1.000000, 1.000000, 1.000000
1.000000, 1.000000, 1.000000, 1.000000
1.000000, 1.000000, 1.000000, 1.000000
1.000000, 1.000000, 1.000000, 1.000000
1.000000, 1.000000, 1.000000, 1.000000
1.000000, 1.000000, 1.000000, 1.000000
1.006329, 1.000000, 1.000000, 1.000000
1.000000, 1.000000, 1.000000, 1.000000
1.000000, 1.000000, 1.000000, 1.000000
1.000000, 1.000000, 1.000000, 1.000000
1.000000, 1.000000, 1.000000, 1.000000
1.000000, 1.000000, 1.000000, 1.000000
1.000000, 1.000000, 1.000000, 1.000000
1.000000, 1.000000, 1.000000, 1.000000
1.000000, 1.000000, 1.000000, 1.000000
1.000000, 1.000000, 1.000000, 1.000000
1.000000, 1.002653, 1.000000, 1.000000
1.000000, 1.000000, 1.000000, 1.000000
1.000000, 1.000000, 1.000000, 1.000000
1.000000, 1.000000, 1.000000, 1.000000
1.000000, 1.000000, 1.000000, 1.000000
1.000000, 1.000000, 1.000000, 1.000000
1.000000, 1.000000, 1.000000, 1.000000
1.000000, 1.000000, 1.000000, 1.000000
1.095406, 1.003534, 1.000000, 1.000000
1.000000, 1.009245, 1.000000, 1.000000
1.000000, 1.000000, 1.000000, 1.000000
1.000000, 1.000000, 1.000000, 1.000000
1.000000, 1.000000, 1.000000, 1.000000
1.000000, 1.000000, 1.000000, 1.000000
1.040698, 1.093023, 1.000000, 1.000000
1.132184, 1.132184, 1.000000, 1.000000
1.000000, 1.000000, 1.000000, 1.000000
1.000000, 1.019608, 1.000000, 1.000000
1.000000, 1.000000, 1.000000, 1.000000
1.000000, 1.000000, 1.000000, 1.000000
1.000000, 1.000000, 1.000000, 1.000000
1.000000, 1.000000, 1.000000, 1.000000
1.000000, 1.000000, 1.000000, 1.000000
1.000000, 1.000000, 1.000000, 1.000000
1.000000, 1.000000, 1.000000, 1.000000
1.000000, 1.000000, 1.000000, 1.000000
1.000000, 1.000000, 1.000000, 1.000000
1.000000, 1.000000, 1.000000, 1.000000
1.000000, 1.000000, 1.000000, 1.000000
1.062500, 1.028125, 1.000000, 1.000000
1.046440, 1.027864, 1.000000, 1.000000
1.000000, 1.000000, 1.000000, 1.000000
1.000000, 1.000000, 1.000000, 1.000000
1.000000, 1.000000, 1.000000, 1.000000
1.000000, 1.000000, 1.000000, 1.000000
1.011396, 1.000000, 1.000000, 1.000000
1.000000, 1.000000, 1.000000, 1.000000
1.000000, 1.000000, 1.000000, 1.000000
1.000000, 1.000000, 1.000000, 1.000000
1.000000, 1.000000, 1.000000, 1.000000
1.000000, 1.013228, 1.000000, 1.000000
1.000000, 1.000000, 1.000000, 1.000000
1.000000, 1.000000, 1.000000, 1.000000
1.000000, 1.000000, 1.000000, 1.000000
1.000000, 1.000000, 1.000000, 1.000000
1.000000, 1.000000, 1.000000, 1.000000
1.000000, 1.000000, 1.000000, 1.000000
1.000000, 1.000000, 1.000000, 1.000000
1.000000, 1.000000, 1.000000, 1.000000
1.000000, 1.000000, 1.000000, 1.000000
1.000000, 1.000000, 1.000000, 1.000000
1.000000, 1.000000, 1.000000, 1.000000
1.000000, 1.000000, 1.000000, 1.000000
1.000000, 1.000000, 1.000000, 1.000000
1.140893, 1.000000, 1.000000, 1.000000
1.000000, 1.000000, 1.000000, 1.000000
1.000000, 1.000000, 1.000000, 1.000000
1.000000, 1.000000, 1.000000, 1.000000
1.029126, 1.000000, 1.000000, 1.000000
1.000000, 1.000000, 1.000000, 1.000000
1.000000, 1.000000, 1.000000, 1.000000
1.000000, 1.000000, 1.000000, 1.000000
1.000000, 1.000000, 1.000000, 1.000000
1.000000, 1.000000, 1.000000, 1.000000
1.000000, 1.000000, 1.000000, 1.000000
1.000000, 1.000000, 1.000000, 1.000000
1.000000, 1.000000, 1.000000, 1.000000
1.000000, 1.023179, 1.000000, 1.000000
1.000000, 1.000000, 1.000000, 1.000000
1.035461, 1.000000, 1.000000, 1.000000
1.000000, 1.000000, 1.000000, 1.000000
1.000000, 1.000000, 1.000000, 1.000000
1.000000, 1.001938, 1.000000, 1.000000
1.006479, 1.000000, 1.000000, 1.000000
1.000000, 1.000000, 1.000000, 1.000000
1.000000, 1.000000, 1.000000, 1.000000
1.000000, 1.000000, 1.000000, 1.000000
1.000000, 1.000000, 1.000000, 1.000000
1.000000, 1.000000, 1.000000, 1.000000
1.000000, 1.000000, 1.000000, 1.000000
1.000000, 1.000000, 1.000000, 1.000000
1.000000, 1.000000, 1.000000, 1.000000
1.000000, 1.000000, 1.000000, 1.000000
1.000000, 1.000000, 1.000000, 1.000000
1.000000, 1.000000, 1.000000, 1.000000
1.000000, 1.000000, 1.000000, 1.000000
1.000000, 1.000000, 1.000000, 1.000000
1.107937, 1.076190, 1.000000, 1.000000
1.000000, 1.000000, 1.000000, 1.000000
1.000000, 1.000000, 1.000000, 1.000000
1.000000, 1.000000, 1.000000, 1.000000
1.000000, 1.000000, 1.000000, 1.000000
1.000000, 1.000000, 1.000000, 1.000000
1.000000, 1.000000, 1.000000, 1.000000
1.000000, 1.000000, 1.000000, 1.000000
1.000000, 1.000000, 1.000000, 1.000000
1.003049, 1.003049, 1.000000, 1.003049
1.000000, 1.031609, 1.000000, 1.000000
1.000000, 1.000000, 1.000000, 1.000000
1.000000, 1.000000, 1.000000, 1.000000
1.000000, 1.000000, 1.000000, 1.000000
1.000000, 1.000000, 1.000000, 1.000000
1.000000, 1.000000, 1.000000, 1.000000
1.000000, 1.000000, 1.000000, 1.000000
1.000000, 1.000000, 1.000000, 1.000000
1.000000, 1.000000, 1.000000, 1.000000
1.000000, 1.000000, 1.000000, 1.000000
1.129129, 1.129129, 1.000000, 1.000000
1.000000, 1.000000, 1.000000, 1.000000
1.000000, 1.000000, 1.000000, 1.000000
1.000000, 1.000000, 1.000000, 1.000000
1.000000, 1.000000, 1.000000, 1.000000
1.000000, 1.000000, 1.000000, 1.000000
1.000000, 1.000000, 1.000000, 1.000000
1.000000, 1.000000, 1.000000, 1.000000
1.000000, 1.000000, 1.000000, 1.000000
1.000000, 1.000000, 1.000000, 1.000000
1.000000, 1.000000, 1.000000, 1.000000
1.000000, 1.000000, 1.000000, 1.000000
1.000000, 1.000000, 1.000000, 1.000000
1.000000, 1.000000, 1.000000, 1.000000
1.000000, 1.000000, 1.000000, 1.000000
1.000000, 1.000000, 1.000000, 1.000000
1.012618, 1.000000, 1.000000, 1.000000
1.000000, 1.000000, 1.000000, 1.000000
1.000000, 1.026578, 1.000000, 1.000000
1.000000, 1.000000, 1.000000, 1.000000
1.000000, 1.000000, 1.000000, 1.000000
1.000000, 1.043344, 1.000000, 1.000000
1.000000, 1.000000, 1.000000, 1.000000
1.000000, 1.000000, 1.000000, 1.000000
1.000000, 1.000000, 1.000000, 1.000000
1.013201, 1.013201, 1.000000, 1.000000
1.000000, 1.000000, 1.000000, 1.000000
1.020737, 1.052995, 1.000000, 1.000000
1.000000, 1.000000, 1.000000, 1.000000
1.000000, 1.000000, 1.000000, 1.000000
1.071429, 1.000000, 1.000000, 1.000000
1.000000, 1.000000, 1.000000, 1.000000
1.000000, 1.000000, 1.000000, 1.000000
1.000000, 1.000000, 1.000000, 1.000000
1.000000, 1.000000, 1.000000, 1.000000
1.028329, 1.028329, 1.000000, 1.000000
1.000000, 1.000000, 1.000000, 1.000000
1.000000, 1.000000, 1.000000, 1.000000
1.000000, 1.000000, 1.000000, 1.000000
1.000000, 1.000000, 1.000000, 1.000000
1.000000, 1.000000, 1.000000, 1.000000
1.000000, 1.000000, 1.000000, 1.000000
1.000000, 1.021611, 1.000000, 1.000000
1.000000, 1.000000, 1.000000, 1.000000
1.000000, 1.000000, 1.000000, 1.000000
1.056818, 1.000000, 1.000000, 1.000000
1.000000, 1.000000, 1.000000, 1.000000
1.000000, 1.000000, 1.000000, 1.000000
1.000000, 1.000000, 1.000000, 1.000000
1.000000, 1.000000, 1.000000, 1.000000
1.000000, 1.000000, 1.000000, 1.000000
1.000000, 1.000000, 1.000000, 1.000000
1.000000, 1.000000, 1.000000, 1.000000
1.000000, 1.000000, 1.000000, 1.000000
1.000000, 1.000000, 1.000000, 1.000000
1.007732, 1.000000, 1.000000, 1.000000
1.070845, 1.062670, 1.000000, 1.000000
1.000000, 1.000000, 1.000000, 1.000000
1.000000, 1.000000, 1.000000, 1.000000
1.000000, 1.000000, 1.000000, 1.000000
1.000000, 1.000000, 1.000000, 1.000000
1.000000, 1.000000, 1.000000, 1.000000
1.000000, 1.000000, 1.000000, 1.000000
1.000000, 1.000000, 1.000000, 1.000000
1.000000, 1.000000, 1.000000, 1.000000
1.000000, 1.000000, 1.000000, 1.000000
1.000000, 1.000000, 1.000000, 1.000000
1.000000, 1.000000, 1.000000, 1.000000
1.133758, 1.050955, 1.000000, 1.000000
1.000000, 1.000000, 1.000000, 1.000000
1.000000, 1.000000, 1.000000, 1.000000
1.000000, 1.000000, 1.000000, 1.000000
1.000000, 1.000000, 1.000000, 1.000000
1.000000, 1.000000, 1.000000, 1.000000
1.000000, 1.000000, 1.000000, 1.000000
1.000000, 1.000000, 1.000000, 1.000000
1.003257, 1.000000, 1.000000, 1.000000
1.000000, 1.000000, 1.000000, 1.000000
1.000000, 1.000000, 1.000000, 1.000000
1.000000, 1.000000, 1.000000, 1.000000
1.055556, 1.055556, 1.000000, 1.000000
1.000000, 1.000000, 1.000000, 1.000000
1.073048, 1.055416, 1.000000, 1.000000
1.000000, 1.000000, 1.000000, 1.000000
1.000000, 1.000000, 1.000000, 1.000000
1.000000, 1.000000, 1.000000, 1.000000
1.000000, 1.000000, 1.000000, 1.000000
1.000000, 1.000000, 1.000000, 1.000000
1.000000, 1.000000, 1.000000, 1.000000
1.000000, 1.000000, 1.000000, 1.000000
1.060694, 1.000000, 1.000000, 1.000000
1.000000, 1.050157, 1.000000, 1.000000
1.000000, 1.000000, 1.000000, 1.000000
1.000000, 1.000000, 1.000000, 1.000000
1.000000, 1.000000, 1.000000, 1.000000
1.000000, 1.000000, 1.000000, 1.000000
1.000000, 1.000000, 1.000000, 1.000000
1.023490, 1.020134, 1.000000, 1.000000
1.000000, 1.027322, 1.000000, 1.000000
1.107023, 1.107023, 1.000000, 1.000000
1.020305, 1.025381, 1.000000, 1.000000
1.000000, 1.000000, 1.000000, 1.000000
1.000000, 1.000000, 1.000000, 1.000000
1.000000, 1.000000, 1.000000, 1.000000
1.000000, 1.000000, 1.000000, 1.000000
1.000000, 1.000000, 1.000000, 1.000000
1.000000, 1.000000, 1.000000, 1.000000
1.132597, 1.071823, 1.000000, 1.000000
1.000000, 1.000000, 1.000000, 1.000000
1.136905, 1.136905, 1.000000, 1.000000
1.000000, 1.000000, 1.000000, 1.000000
1.045977, 1.086207, 1.000000, 1.000000
1.000000, 1.000000, 1.000000, 1.000000
1.000000, 1.000000, 1.000000, 1.000000
1.000000, 1.000000, 1.000000, 1.000000
1.000000, 1.000000, 1.000000, 1.000000
1.000000, 1.000000, 1.000000, 1.000000
1.000000, 1.000000, 1.000000, 1.000000
1.000000, 1.000000, 1.000000, 1.000000
1.000000, 1.016990, 1.000000, 1.000000
1.000000, 1.015152, 1.000000, 1.000000
1.000000, 1.000000, 1.000000, 1.000000
1.000000, 1.000000, 1.000000, 1.000000
1.000000, 1.000000, 1.000000, 1.037143
1.000000, 1.000000, 1.000000, 1.000000
1.000000, 1.000000, 1.000000, 1.000000
1.000000, 1.029326, 1.000000, 1.000000
1.000000, 1.000000, 1.000000, 1.000000
1.000000, 1.000000, 1.000000, 1.000000
1.053333, 1.024000, 1.000000, 1.000000
1.000000, 1.000000, 1.000000, 1.000000
1.000000, 1.000000, 1.000000, 1.000000
1.000000, 1.000000, 1.000000, 1.000000
1.000000, 1.000000, 1.000000, 1.000000
1.000000, 1.000000, 1.000000, 1.000000
1.000000, 1.000000, 1.000000, 1.000000
1.000000, 1.000000, 1.000000, 1.000000
1.000000, 1.000000, 1.000000, 1.000000
1.000000, 1.062162, 1.000000, 1.000000
1.000000, 1.006116, 1.000000, 1.000000
1.000000, 1.000000, 1.000000, 1.000000
1.000000, 1.000000, 1.000000, 1.000000
1.000000, 1.000000, 1.000000, 1.000000
1.000000, 1.000000, 1.000000, 1.000000
