random, model, zhao2020, ilp
1.000000, 1.015267, 1.000000, 1.000000
1.000000, 1.000000, 1.000000, 1.000000
1.000000, 1.003788, 1.000000, 1.000000
1.000000, 1.000000, 1.000000, 1.000000
1.003155, 1.000000, 1.000000, 1.000000
1.083333, 1.000000, 1.000000, 1.000000
1.000000, 1.000000, 1.000000, 1.000000
1.000000, 1.000000, 1.000000, 1.000000
1.027237, 1.027237, 1.023346, 1.003891
1.017588, 1.000000, 1.000000, 1.000000
1.000000, 1.000000, 1.000000, 1.000000
1.000000, 1.000000, 1.000000, 1.000000
1.000000, 1.000000, 1.000000, 1.000000
1.084302, 1.072674, 1.000000, 1.000000
1.103976, 1.079511, 1.006116, 1.000000
1.017442, 1.049419, 1.000000, 1.000000
1.017094, 1.011396, 1.000000, 1.000000
1.000000, 1.000000, 1.000000, 1.000000
1.028329, 1.000000, 1.000000, 1.000000
1.000000, 1.031056, 1.000000, 1.000000
1.000000, 1.000000, 1.000000, 1.000000
1.000000, 1.000000, 1.000000, 1.000000
1.050794, 1.047619, 1.000000, 1.019048
1.000000, 1.000000, 1.000000, 1.000000
1.012346, 1.000000, 1.000000, 1.000000
1.000000, 1.000000, 1.000000, 1.000000
1.016620, 1.008310, 1.000000, 1.000000
1.000000, 1.000000, 1.000000, 1.000000
1.048443, 1.034602, 1.000000, 1.000000
1.029900, 1.000000, 1.000000, 1.000000
1.212121, 1.196970, 1.049242, 1.045455
1.000000, 1.005917, 1.000000, 1.000000
1.000000, 1.000000, 1.000000, 1.000000
1.000000, 1.000000, 1.000000, 1.000000
1.000000, 1.015625, 1.000000, 1.000000
1.000000, 1.000000, 1.000000, 1.000000
1.000000, 1.000000, 1.000000, 1.000000
1.107463, 1.119403, 1.000000, 1.000000
1.000000, 1.055901, 1.000000, 1.000000
1.000000, 1.000000, 1.000000, 1.000000
1.144262, 1.137705, 1.000000, 1.000000
1.040134, 1.040134, 1.000000, 1.000000
1.000000, 1.000000, 1.000000, 1.000000
1.000000, 1.055556, 1.000000, 1.000000
1.000000, 1.000000, 1.000000, 1.000000
1.016484, 1.000000, 1.000000, 1.000000
1.000000, 1.000000, 1.000000, 1.000000
1.000000, 1.014545, 1.000000, 1.000000
1.000000, 1.000000, 1.000000, 1.000000
1.069307, 1.039604, 1.000000, 1.000000
1.000000, 1.069536, 1.029801, 1.000000
1.000000, 1.040984, 1.000000, 1.000000
1.000000, 1.000000, 1.000000, 1.000000
1.081967, 1.095082, 1.000000, 1.009836
1.000000, 1.000000, 1.000000, 1.000000
1.000000, 1.000000, 1.000000, 1.000000
1.000000, 1.000000, 1.000000, 1.000000
1.000000, 1.000000, 1.000000, 1.000000
1.042484, 1.000000, 1.000000, 1.000000
1.000000, 1.077465, 1.000000, 1.000000
1.156593, 1.120879, 1.000000, 1.000000
1.000000, 1.010283, 1.000000, 1.000000
1.000000, 1.000000, 1.000000, 1.000000
1.000000, 1.000000, 1.000000, 1.000000
1.000000, 1.000000, 1.000000, 1.000000
1.037037, 1.000000, 1.000000, 1.037037
1.000000, 1.000000, 1.000000, 1.000000
1.033133, 1.000000, 1.000000, 1.000000
1.000000, 1.000000, 1.000000, 1.000000
1.000000, 1.000000, 1.000000, 1.000000
1.000000, 1.000000, 1.000000, 1.000000
1.000000, 1.027027, 1.000000, 1.000000
1.019934, 1.000000, 1.000000, 1.000000
1.000000, 1.000000, 1.000000, 1.000000
1.000000, 1.000000, 1.000000, 1.000000
1.007273, 1.007273, 1.000000, 1.007273
1.000000, 1.075269, 1.000000, 1.000000
1.000000, 1.000000, 1.000000, 1.000000
1.006154, 1.040000, 1.000000, 1.000000
1.028721, 1.000000, 1.000000, 1.000000
1.000000, 1.065147, 1.000000, 1.000000
1.042857, 1.000000, 1.000000, 1.000000
1.000000, 1.118644, 1.000000, 1.000000
1.028571, 1.000000, 1.000000, 1.000000
1.000000, 1.000000, 1.000000, 1.000000
1.000000, 1.000000, 1.000000, 1.000000
1.000000, 1.000000, 1.000000, 1.000000
1.010363, 1.000000, 1.000000, 1.000000
1.197761, 1.123134, 1.029851, 1.055970
1.000000, 1.000000, 1.000000, 1.000000
1.000000, 1.000000, 1.000000, 1.000000
1.000000, 1.000000, 1.000000, 1.000000
1.000000, 1.000000, 1.000000, 1.000000
1.003115, 1.009346, 1.000000, 1.000000
1.000000, 1.000000, 1.000000, 1.000000
1.035503, 1.079882, 1.000000, 1.000000
1.000000, 1.010033, 1.000000, 1.000000
1.000000, 1.000000, 1.000000, 1.000000
1.000000, 1.000000, 1.000000, 1.000000
1.000000, 1.000000, 1.000000, 1.000000
1.000000, 1.000000, 1.000000, 1.000000
1.005525, 1.005525, 1.000000, 1.000000
1.002198, 1.000000, 1.000000, 1.000000
1.130802, 1.130802, 1.000000, 1.000000
1.000000, 1.000000, 1.000000, 1.000000
1.025078, 1.087774, 1.000000, 1.000000
1.222672, 1.283401, 1.085020, 1.093117
1.000000, 1.054054, 1.000000, 1.000000
1.000000, 1.000000, 1.000000, 1.000000
1.000000, 1.022284, 1.000000, 1.000000
1.000000, 1.000000, 1.000000, 1.000000
1.000000, 1.000000, 1.000000, 1.000000
1.009709, 1.000000, 1.000000, 1.000000
1.000000, 1.000000, 1.000000, 1.000000
1.017804, 1.047478, 1.000000, 1.000000
1.117994, 1.103245, 1.000000, 1.000000
1.058419, 1.054983, 1.000000, 1.030928
1.034031, 1.002618, 1.000000, 1.000000
1.003745, 1.000000, 1.000000, 1.000000
1.033537, 1.012195, 1.000000, 1.000000
1.000000, 1.000000, 1.000000, 1.000000
1.047101, 1.036232, 1.000000, 1.000000
1.003115, 1.052960, 1.000000, 1.000000
1.011111, 1.000000, 1.000000, 1.000000
1.000000, 1.078616, 1.000000, 1.022013
1.014793, 1.000000, 1.000000, 1.000000
1.101156, 1.049133, 1.000000, 1.000000
1.000000, 1.021148, 1.000000, 1.000000
1.000000, 1.000000, 1.000000, 1.000000
1.000000, 1.000000, 1.000000, 1.000000
1.049844, 1.018692, 1.000000, 1.000000
1.000000, 1.000000, 1.000000, 1.000000
1.000000, 1.000000, 1.000000, 1.000000
1.008876, 1.000000, 1.000000, 1.000000
1.000000, 1.000000, 1.000000, 1.000000
1.139286, 1.132143, 1.000000, 1.000000
1.000000, 1.057143, 1.000000, 1.000000
1.000000, 1.009740, 1.000000, 1.000000
1.009231, 1.095385, 1.000000, 1.000000
1.027778, 1.027778, 1.000000, 1.000000
1.052830, 1.000000, 1.000000, 1.000000
1.031700, 1.000000, 1.000000, 1.000000
1.000000, 1.000000, 1.000000, 1.000000
1.000000, 1.014535, 1.000000, 1.000000
1.015106, 1.084592, 1.000000, 1.000000
1.085492, 1.077720, 1.000000, 1.000000
1.000000, 1.000000, 1.000000, 1.000000
1.056738, 1.039007, 1.000000, 1.042553
1.118577, 1.083004, 1.000000, 1.035573
1.000000, 1.000000, 1.000000, 1.000000
1.000000, 1.000000, 1.000000, 1.000000
1.000000, 1.000000, 1.000000, 1.000000
1.031847, 1.070064, 1.000000, 1.000000
1.000000, 1.000000, 1.000000, 1.000000
1.034483, 1.034483, 1.000000, 1.000000
1.000000, 1.080495, 1.000000, 1.000000
1.000000, 1.015723, 1.000000, 1.000000
1.075342, 1.089041, 1.000000, 1.000000
1.026627, 1.076923, 1.000000, 1.000000
1.005731, 1.000000, 1.000000, 1.000000
1.006536, 1.000000, 1.000000, 1.039216
1.003460, 1.013841, 1.013841, 1.000000
1.000000, 1.000000, 1.000000, 1.000000
1.000000, 1.000000, 1.000000, 1.000000
1.028939, 1.025723, 1.000000, 1.000000
1.000000, 1.019108, 1.000000, 1.000000
1.000000, 1.000000, 1.000000, 1.000000
1.000000, 1.000000, 1.000000, 1.000000
1.000000, 1.008929, 1.000000, 1.000000
1.041791, 1.065672, 1.000000, 1.000000
1.002551, 1.000000, 1.000000, 1.000000
1.073944, 1.151408, 1.000000, 1.000000
1.007042, 1.052817, 1.000000, 1.000000
1.017361, 1.000000, 1.000000, 1.000000
1.050167, 1.113712, 1.003344, 1.000000
1.000000, 1.024911, 1.000000, 1.000000
1.000000, 1.025907, 1.000000, 1.000000
1.033419, 1.017995, 1.000000, 1.000000
1.045455, 1.026515, 1.000000, 1.026515
1.000000, 1.009174, 1.000000, 1.000000
1.000000, 1.000000, 1.000000, 1.000000
1.023256, 1.023256, 1.000000, 1.000000
1.000000, 1.000000, 1.000000, 1.000000
1.000000, 1.000000, 1.000000, 1.000000
1.000000, 1.022364, 1.000000, 1.000000
1.000000, 1.071642, 1.000000, 1.000000
1.000000, 1.006452, 1.000000, 1.000000
1.000000, 1.000000, 1.000000, 1.000000
1.000000, 1.000000, 1.000000, 1.000000
1.000000, 1.000000, 1.000000, 1.000000
1.000000, 1.000000, 1.000000, 1.000000
1.000000, 1.005181, 1.000000, 1.000000
1.000000, 1.000000, 1.000000, 1.000000
1.025316, 1.045570, 1.000000, 1.000000
1.000000, 1.000000, 1.000000, 1.000000
1.000000, 1.000000, 1.000000, 1.000000
1.022039, 1.000000, 1.000000, 1.000000
1.000000, 1.000000, 1.000000, 1.000000
1.127273, 1.116364, 1.000000, 1.000000
1.000000, 1.000000, 1.000000, 1.000000
1.002770, 1.000000, 1.000000, 1.000000
1.005000, 1.010000, 1.000000, 1.010000
1.065385, 1.065385, 1.130769, 1.000000
1.003584, 1.003584, 1.000000, 1.000000
1.000000, 1.018470, 1.000000, 1.000000
1.000000, 1.086667, 1.000000, 1.000000
1.000000, 1.012945, 1.000000, 1.000000
1.136531, 1.118081, 1.000000, 1.000000
1.054839, 1.032258, 1.000000, 1.054839
1.000000, 1.022152, 1.000000, 1.022152
1.000000, 1.000000, 1.000000, 1.000000
1.098113, 1.030189, 1.000000, 1.000000
1.022152, 1.053797, 1.000000, 1.000000
1.038710, 1.000000, 1.000000, 1.000000
1.000000, 1.000000, 1.000000, 1.000000
1.000000, 1.000000, 1.000000, 1.000000
1.000000, 1.000000, 1.000000, 1.000000
1.000000, 1.000000, 1.000000, 1.000000
1.000000, 1.000000, 1.000000, 1.000000
1.061489, 1.006472, 1.000000, 1.000000
1.000000, 1.037453, 1.000000, 1.000000
1.000000, 1.000000, 1.000000, 1.000000
1.000000, 1.030120, 1.000000, 1.030120
1.000000, 1.000000, 1.000000, 1.000000
1.131148, 1.045082, 1.000000, 1.028689
1.000000, 1.000000, 1.000000, 1.000000
1.000000, 1.000000, 1.000000, 1.000000
1.023392, 1.011696, 1.000000, 1.011696
1.000000, 1.000000, 1.000000, 1.000000
1.107843, 1.088235, 1.000000, 1.000000
1.000000, 1.000000, 1.000000, 1.000000
1.000000, 1.000000, 1.000000, 1.000000
1.125000, 1.067073, 1.000000, 1.000000
1.000000, 1.000000, 1.000000, 1.000000
1.000000, 1.000000, 1.000000, 1.000000
1.000000, 1.000000, 1.000000, 1.000000
1.000000, 1.000000, 1.000000, 1.000000
1.098540, 1.000000, 1.000000, 1.000000
1.050667, 1.053333, 1.016000, 1.000000
1.006116, 1.003058, 1.000000, 1.000000
1.039275, 1.000000, 1.000000, 1.000000
1.013158, 1.018421, 1.000000, 1.000000
1.000000, 1.007194, 1.000000, 1.000000
1.024064, 1.045455, 1.000000, 1.000000
1.022727, 1.000000, 1.000000, 1.000000
1.051724, 1.002874, 1.000000, 1.000000
1.000000, 1.000000, 1.000000, 1.000000
1.000000, 1.000000, 1.000000, 1.000000
1.039007, 1.028369, 1.035461, 1.028369
1.002985, 1.005970, 1.000000, 1.000000
1.000000, 1.000000, 1.000000, 1.000000
1.008163, 1.016327, 1.000000, 1.000000
1.000000, 1.000000, 1.000000, 1.000000
1.000000, 1.006390, 1.000000, 1.000000
1.000000, 1.000000, 1.000000, 1.000000
1.000000, 1.000000, 1.000000, 1.000000
1.000000, 1.053412, 1.000000, 1.000000
1.008798, 1.008798, 1.000000, 1.000000
1.000000, 1.000000, 1.000000, 1.000000
1.000000, 1.000000, 1.000000, 1.000000
1.000000, 1.067340, 1.000000, 1.000000
1.000000, 1.000000, 1.000000, 1.000000
1.020408, 1.000000, 1.000000, 1.000000
1.010601, 1.000000, 1.000000, 1.000000
1.019934, 1.026578, 1.000000, 1.000000
1.031746, 1.006349, 1.000000, 1.000000
1.014870, 1.014870, 1.000000, 1.000000
1.003257, 1.000000, 1.000000, 1.000000
1.051852, 1.070370, 1.000000, 1.000000
1.000000, 1.000000, 1.000000, 1.000000
1.000000, 1.000000, 1.000000, 1.000000
1.000000, 1.000000, 1.000000, 1.000000
1.043887, 1.100313, 1.000000, 1.000000
1.063559, 1.080508, 1.000000, 1.000000
1.160448, 1.074627, 1.000000, 1.000000
1.000000, 1.056940, 1.000000, 1.035587
1.029499, 1.000000, 1.000000, 1.000000
1.021201, 1.014134, 1.010601, 1.000000
1.016949, 1.006780, 1.000000, 1.000000
1.147335, 1.137931, 1.000000, 1.006270
1.114907, 1.046584, 1.000000, 1.000000
1.085106, 1.075988, 1.000000, 1.000000
1.022857, 1.005714, 1.000000, 1.000000
1.027778, 1.121528, 1.000000, 1.000000
1.051118, 1.031949, 1.044728, 1.044728
1.067093, 1.076677, 1.000000, 1.000000
1.000000, 1.000000, 1.000000, 1.000000
1.000000, 1.000000, 1.000000, 1.000000
1.000000, 1.000000, 1.000000, 1.000000
1.000000, 1.000000, 1.000000, 1.000000
1.037143, 1.037143, 1.000000, 1.000000
1.043210, 1.000000, 1.000000, 1.000000
1.000000, 1.000000, 1.000000, 1.000000
1.000000, 1.000000, 1.000000, 1.000000
1.036630, 1.054945, 1.000000, 1.000000
1.000000, 1.000000, 1.000000, 1.000000
1.000000, 1.003484, 1.000000, 1.000000
1.000000, 1.000000, 1.000000, 1.000000
1.000000, 1.000000, 1.000000, 1.000000
1.000000, 1.020460, 1.000000, 1.000000
1.000000, 1.000000, 1.000000, 1.000000
1.046763, 1.000000, 1.000000, 1.000000
1.000000, 1.000000, 1.000000, 1.000000
1.000000, 1.024691, 1.000000, 1.000000
1.004202, 1.134454, 1.000000, 1.000000
1.000000, 1.009036, 1.000000, 1.000000
1.000000, 1.067227, 1.000000, 1.000000
1.075601, 1.085911, 1.000000, 1.000000
1.151420, 1.085174, 1.000000, 1.000000
1.000000, 1.000000, 1.000000, 1.000000
1.000000, 1.038567, 1.000000, 1.000000
1.000000, 1.000000, 1.000000, 1.000000
1.000000, 1.009091, 1.000000, 1.000000
1.000000, 1.002494, 1.000000, 1.000000
1.017544, 1.017544, 1.000000, 1.000000
1.039604, 1.072607, 1.000000, 1.000000
1.008287, 1.008287, 1.000000, 1.000000
1.000000, 1.000000, 1.000000, 1.000000
1.093220, 1.022599, 1.005650, 1.000000
1.000000, 1.003195, 1.000000, 1.000000
1.000000, 1.000000, 1.000000, 1.000000
1.000000, 1.040268, 1.000000, 1.000000
1.000000, 1.000000, 1.000000, 1.000000
1.000000, 1.000000, 1.000000, 1.000000
1.066667, 1.059259, 1.000000, 1.000000
1.000000, 1.000000, 1.000000, 1.000000
1.000000, 1.000000, 1.000000, 1.000000
1.006173, 1.000000, 1.000000, 1.000000
1.000000, 1.044586, 1.000000, 1.000000
1.000000, 1.000000, 1.000000, 1.000000
1.121212, 1.162879, 1.000000, 1.000000
1.000000, 1.000000, 1.000000, 1.000000
1.000000, 1.000000, 1.000000, 1.003185
1.000000, 1.000000, 1.000000, 1.000000
1.049080, 1.000000, 1.000000, 1.012270
1.000000, 1.000000, 1.000000, 1.000000
1.044304, 1.110759, 1.044304, 1.031646
1.000000, 1.000000, 1.000000, 1.000000
1.000000, 1.000000, 1.000000, 1.000000
1.159875, 1.134796, 1.000000, 1.009404
1.011869, 1.011869, 1.000000, 1.000000
1.000000, 1.000000, 1.000000, 1.000000
1.000000, 1.000000, 1.000000, 1.000000
1.012232, 1.000000, 1.000000, 1.000000
1.000000, 1.000000, 1.000000, 1.000000
1.000000, 1.000000, 1.000000, 1.000000
1.000000, 1.000000, 1.000000, 1.000000
1.005970, 1.011940, 1.014925, 1.000000
1.051095, 1.000000, 1.000000, 1.000000
1.112628, 1.054608, 1.000000, 1.000000
1.000000, 1.000000, 1.000000, 1.000000
1.000000, 1.000000, 1.000000, 1.000000
1.098684, 1.026316, 1.000000, 1.013158
1.090580, 1.025362, 1.000000, 1.000000
1.000000, 1.000000, 1.000000, 1.000000
1.000000, 1.000000, 1.000000, 1.000000
1.000000, 1.000000, 1.000000, 1.000000
1.000000, 1.000000, 1.000000, 1.000000
1.000000, 1.000000, 1.000000, 1.000000
1.008264, 1.011019, 1.000000, 1.000000
1.000000, 1.000000, 1.000000, 1.000000
1.000000, 1.000000, 1.000000, 1.000000
1.000000, 1.035813, 1.000000, 1.000000
1.010526, 1.014035, 1.000000, 1.010526
1.000000, 1.000000, 1.000000, 1.000000
1.096573, 1.118380, 1.000000, 1.000000
1.017903, 1.017903, 1.000000, 1.000000
1.000000, 1.000000, 1.000000, 1.000000
1.000000, 1.000000, 1.000000, 1.000000
1.076159, 1.119205, 1.036424, 1.046358
1.000000, 1.000000, 1.000000, 1.000000
1.000000, 1.038235, 1.000000, 1.000000
1.000000, 1.000000, 1.000000, 1.000000
1.000000, 1.000000, 1.000000, 1.000000
1.000000, 1.000000, 1.000000, 1.000000
1.009569, 1.000000, 1.000000, 1.000000
1.073826, 1.003356, 1.000000, 1.000000
1.000000, 1.000000, 1.000000, 1.000000
1.000000, 1.000000, 1.000000, 1.000000
1.052632, 1.052632, 1.000000, 1.000000
1.000000, 1.000000, 1.000000, 1.000000
1.000000, 1.000000, 1.000000, 1.000000
1.044776, 1.020896, 1.000000, 1.000000
1.100334, 1.133779, 1.000000, 1.000000
1.012121, 1.027273, 1.000000, 1.000000
1.000000, 1.000000, 1.000000, 1.000000
1.023569, 1.013468, 1.000000, 1.000000
1.038012, 1.000000, 1.000000, 1.000000
1.000000, 1.031161, 1.000000, 1.014164
1.056140, 1.063158, 1.000000, 1.000000
1.000000, 1.000000, 1.000000, 1.000000
1.172297, 1.125000, 1.000000, 1.000000
1.000000, 1.000000, 1.000000, 1.000000
1.024540, 1.000000, 1.000000, 1.000000
1.013333, 1.000000, 1.000000, 1.000000
1.000000, 1.000000, 1.000000, 1.000000
1.000000, 1.025478, 1.000000, 1.000000
1.000000, 1.000000, 1.000000, 1.000000
1.010782, 1.000000, 1.000000, 1.000000
1.003289, 1.000000, 1.000000, 1.000000
