random, model, zhao2020, ilp
1.082645, 1.082645, 1.000000, 1.000000
1.000000, 1.000000, 1.000000, 1.000000
1.000000, 1.000000, 1.000000, 1.000000
1.000000, 1.000000, 1.000000, 1.000000
1.000000, 1.000000, 1.000000, 1.000000
1.221184, 1.183801, 1.146417, 1.146417
1.000000, 1.000000, 1.000000, 1.000000
1.104918, 1.118033, 1.000000, 1.000000
1.027638, 1.032663, 1.000000, 1.000000
1.000000, 1.000000, 1.000000, 1.000000
1.081571, 1.160121, 1.000000, 1.000000
1.000000, 1.000000, 1.000000, 1.000000
1.000000, 1.000000, 1.000000, 1.000000
1.000000, 1.067961, 1.000000, 1.000000
1.000000, 1.000000, 1.000000, 1.000000
1.079882, 1.068047, 1.062130, 1.062130
1.000000, 1.000000, 1.000000, 1.000000
1.000000, 1.000000, 1.000000, 1.000000
1.000000, 1.000000, 1.000000, 1.000000
1.000000, 1.000000, 1.000000, 1.000000
1.000000, 1.000000, 1.000000, 1.000000
1.017817, 1.000000, 1.000000, 1.000000
1.000000, 1.000000, 1.000000, 1.000000
1.084011, 1.040650, 1.000000, 1.000000
1.000000, 1.000000, 1.000000, 1.000000
1.084184, 1.000000, 1.000000, 1.000000
1.000000, 1.000000, 1.000000, 1.000000
1.053571, 1.000000, 1.000000, 1.000000
1.000000, 1.000000, 1.000000, 1.000000
1.000000, 1.000000, 1.000000, 1.000000
1.000000, 1.000000, 1.000000, 1.000000
1.000000, 1.000000, 1.000000, 1.000000
1.000000, 1.000000, 1.000000, 1.000000
1.000000, 1.000000, 1.000000, 1.000000
1.008889, 1.000000, 1.000000, 1.000000
1.000000, 1.000000, 1.000000, 1.000000
1.000000, 1.000000, 1.000000, 1.000000
1.121891, 1.000000, 1.000000, 1.000000
1.000000, 1.000000, 1.000000, 1.000000
1.132530, 1.225904, 1.102410, 1.102410
1.000000, 1.000000, 1.000000, 1.000000
1.000000, 1.000000, 1.000000, 1.000000
1.000000, 1.000000, 1.000000, 1.000000
1.086047, 1.111628, 1.000000, 1.000000
1.000000, 1.000000, 1.000000, 1.000000
1.130319, 1.037234, 1.000000, 1.000000
1.000000, 1.000000, 1.000000, 1.000000
1.000000, 1.032836, 1.000000, 1.000000
1.066298, 1.000000, 1.000000, 1.000000
1.000000, 1.000000, 1.000000, 1.000000
1.000000, 1.000000, 1.000000, 1.000000
1.000000, 1.000000, 1.000000, 1.000000
1.000000, 1.057143, 1.000000, 1.000000
1.174387, 1.087193, 1.087193, 1.087193
1.014706, 1.014706, 1.000000, 1.000000
1.002532, 1.000000, 1.000000, 1.000000
1.035813, 1.000000, 1.000000, 1.000000
1.010989, 1.000000, 1.000000, 1.000000
1.000000, 1.000000, 1.000000, 1.000000
1.000000, 1.000000, 1.000000, 1.000000
1.000000, 1.000000, 1.000000, 1.000000
1.000000, 1.000000, 1.000000, 1.000000
1.000000, 1.000000, 1.000000, 1.000000
1.000000, 1.000000, 1.000000, 1.000000
1.041667, 1.041667, 1.000000, 1.000000
1.314935, 1.048701, 1.035714, 1.035714
1.000000, 1.000000, 1.000000, 1.000000
1.000000, 1.000000, 1.000000, 1.000000
1.000000, 1.000000, 1.000000, 1.000000
1.000000, 1.000000, 1.000000, 1.000000
1.004545, 1.000000, 1.000000, 1.000000
1.000000, 1.000000, 1.000000, 1.000000
1.000000, 1.017422, 1.000000, 1.000000
1.004376, 1.054705, 1.004376, 1.004376
1.000000, 1.000000, 1.000000, 1.000000
1.000000, 1.000000, 1.000000, 1.000000
1.005450, 1.000000, 1.000000, 1.000000
1.000000, 1.000000, 1.000000, 1.000000
1.000000, 1.000000, 1.000000, 1.000000
1.000000, 1.000000, 1.000000, 1.000000
1.022727, 1.000000, 1.000000, 1.000000
1.000000, 1.000000, 1.000000, 1.000000
1.095238, 1.121212, 1.000000, 1.000000
1.000000, 1.000000, 1.000000, 1.000000
1.000000, 1.000000, 1.000000, 1.000000
1.000000, 1.000000, 1.000000, 1.000000
1.184502, 1.188192, 1.000000, 1.000000
1.166667, 1.201258, 1.000000, 1.000000
1.069892, 1.000000, 1.000000, 1.000000
1.000000, 1.112150, 1.000000, 1.000000
1.000000, 1.000000, 1.000000, 1.000000
1.000000, 1.000000, 1.000000, 1.000000
1.000000, 1.000000, 1.000000, 1.000000
1.000000, 1.000000, 1.000000, 1.000000
1.028409, 1.000000, 1.000000, 1.000000
1.000000, 1.000000, 1.000000, 1.000000
1.000000, 1.000000, 1.000000, 1.000000
1.038462, 1.000000, 1.000000, 1.000000
1.000000, 1.040107, 1.000000, 1.000000
1.000000, 1.000000, 1.000000, 1.000000
1.110749, 1.000000, 1.000000, 1.000000
1.048951, 1.000000, 1.000000, 1.000000
1.000000, 1.000000, 1.000000, 1.000000
1.108434, 1.108434, 1.000000, 1.000000
1.000000, 1.000000, 1.000000, 1.000000
1.000000, 1.000000, 1.000000, 1.000000
1.000000, 1.000000, 1.000000, 1.000000
1.000000, 1.000000, 1.000000, 1.000000
1.000000, 1.000000, 1.000000, 1.000000
1.000000, 1.000000, 1.000000, 1.000000
1.000000, 1.139108, 1.000000, 1.000000
1.000000, 1.000000, 1.000000, 1.000000
1.000000, 1.000000, 1.000000, 1.000000
1.000000, 1.000000, 1.000000, 1.000000
1.000000, 1.000000, 1.000000, 1.000000
1.090652, 1.000000, 1.000000, 1.000000
1.000000, 1.000000, 1.000000, 1.000000
1.000000, 1.000000, 1.000000, 1.000000
1.000000, 1.000000, 1.000000, 1.000000
1.073529, 1.014706, 1.000000, 1.000000
1.000000, 1.000000, 1.000000, 1.000000
1.000000, 1.000000, 1.000000, 1.000000
1.000000, 1.091503, 1.000000, 1.000000
1.000000, 1.000000, 1.000000, 1.000000
1.000000, 1.066327, 1.000000, 1.000000
1.021359, 1.000000, 1.000000, 1.000000
1.225705, 1.072100, 1.040752, 1.040752
1.000000, 1.000000, 1.000000, 1.000000
1.000000, 1.000000, 1.000000, 1.000000
1.000000, 1.044010, 1.000000, 1.000000
1.000000, 1.000000, 1.000000, 1.000000
1.000000, 1.000000, 1.000000, 1.000000
1.000000, 1.000000, 1.000000, 1.000000
1.000000, 1.109137, 1.000000, 1.000000
1.000000, 1.000000, 1.000000, 1.000000
1.000000, 1.000000, 1.000000, 1.000000
1.085859, 1.000000, 1.000000, 1.000000
1.000000, 1.000000, 1.000000, 1.000000
1.059063, 1.000000, 1.000000, 1.000000
1.190476, 1.000000, 1.000000, 1.000000
1.000000, 1.000000, 1.000000, 1.000000
1.061093, 1.038585, 1.000000, 1.000000
1.000000, 1.000000, 1.000000, 1.000000
1.000000, 1.000000, 1.000000, 1.000000
1.235110, 1.235110, 1.000000, 1.000000
1.000000, 1.000000, 1.000000, 1.000000
1.000000, 1.000000, 1.000000, 1.000000
1.000000, 1.000000, 1.000000, 1.000000
1.000000, 1.000000, 1.000000, 1.000000
1.049612, 1.001550, 1.000000, 1.000000
1.094276, 1.053872, 1.000000, 1.000000
1.306220, 1.172249, 1.172249, 1.172249
1.000000, 1.000000, 1.000000, 1.000000
1.000000, 1.000000, 1.000000, 1.000000
1.000000, 1.000000, 1.000000, 1.000000
1.000000, 1.000000, 1.000000, 1.000000
1.051672, 1.100304, 1.000000, 1.000000
1.000000, 1.000000, 1.000000, 1.000000
1.000000, 1.000000, 1.000000, 1.000000
1.000000, 1.202247, 1.000000, 1.000000
1.048387, 1.067204, 1.000000, 1.000000
1.117460, 1.130159, 1.000000, 1.000000
1.000000, 1.000000, 1.000000, 1.000000
1.244224, 1.293729, 1.207921, 1.207921
1.000000, 1.000000, 1.000000, 1.000000
1.000000, 1.000000, 1.000000, 1.000000
1.000000, 1.000000, 1.000000, 1.000000
1.000000, 1.000000, 1.000000, 1.000000
1.062500, 1.116071, 1.000000, 1.000000
1.000000, 1.134703, 1.000000, 1.000000
1.077441, 1.000000, 1.000000, 1.000000
1.000000, 1.000000, 1.000000, 1.000000
1.052147, 1.138037, 1.046012, 1.046012
1.048110, 1.268041, 1.048110, 1.048110
1.000000, 1.000000, 1.000000, 1.000000
1.000000, 1.000000, 1.000000, 1.000000
1.000000, 1.000000, 1.000000, 1.000000
1.000000, 1.104439, 1.000000, 1.000000
1.005420, 1.000000, 1.000000, 1.000000
1.141553, 1.100457, 1.100457, 1.100457
1.000000, 1.000000, 1.000000, 1.000000
1.000000, 1.000000, 1.000000, 1.000000
1.000000, 1.000000, 1.000000, 1.000000
1.000000, 1.000000, 1.000000, 1.000000
1.183099, 1.154930, 1.045070, 1.045070
1.000000, 1.000000, 1.000000, 1.000000
1.000000, 1.004619, 1.000000, 1.000000
1.097973, 1.000000, 1.000000, 1.000000
1.000000, 1.000000, 1.000000, 1.000000
1.159091, 1.125000, 1.000000, 1.000000
1.168385, 1.305842, 1.116838, 1.116838
1.071429, 1.054187, 1.000000, 1.000000
1.000000, 1.000000, 1.000000, 1.000000
1.114754, 1.255738, 1.003279, 1.003279
1.000000, 1.000000, 1.000000, 1.000000
1.000000, 1.000000, 1.000000, 1.000000
1.000000, 1.000000, 1.000000, 1.000000
1.124031, 1.000000, 1.000000, 1.000000
1.065217, 1.000000, 1.000000, 1.000000
1.000000, 1.000000, 1.000000, 1.000000
1.000000, 1.000000, 1.000000, 1.000000
1.000000, 1.000000, 1.000000, 1.000000
1.000000, 1.000000, 1.000000, 1.000000
1.083799, 1.100559, 1.000000, 1.000000
1.000000, 1.000000, 1.000000, 1.000000
1.000000, 1.000000, 1.000000, 1.000000
1.000000, 1.000000, 1.000000, 1.000000
1.000000, 1.000000, 1.000000, 1.000000
1.043584, 1.000000, 1.000000, 1.000000
1.075075, 1.096096, 1.000000, 1.000000
1.000000, 1.000000, 1.000000, 1.000000
1.000000, 1.000000, 1.000000, 1.000000
1.000000, 1.137306, 1.000000, 1.000000
1.000000, 1.000000, 1.000000, 1.000000
1.000000, 1.000000, 1.000000, 1.000000
1.000000, 1.000000, 1.000000, 1.000000
1.119266, 1.119266, 1.119266, 1.119266
1.046997, 1.046997, 1.046997, 1.046997
1.000000, 1.000000, 1.000000, 1.000000
1.000000, 1.006818, 1.000000, 1.000000
1.024523, 1.000000, 1.000000, 1.000000
1.160458, 1.048711, 1.000000, 1.000000
1.000000, 1.000000, 1.000000, 1.000000
1.000000, 1.000000, 1.000000, 1.000000
1.000000, 1.000000, 1.000000, 1.000000
1.000000, 1.146893, 1.000000, 1.000000
1.000000, 1.000000, 1.000000, 1.000000
1.000000, 1.000000, 1.000000, 1.000000
1.095339, 1.074153, 1.000000, 1.000000
1.000000, 1.000000, 1.000000, 1.000000
1.000000, 1.024306, 1.000000, 1.000000
1.000000, 1.000000, 1.000000, 1.000000
1.000000, 1.000000, 1.000000, 1.000000
1.057471, 1.000000, 1.000000, 1.000000
1.185874, 1.066914, 1.000000, 1.000000
1.000000, 1.000000, 1.000000, 1.000000
1.000000, 1.000000, 1.000000, 1.000000
1.016032, 1.000000, 1.000000, 1.000000
1.000000, 1.000000, 1.000000, 1.000000
1.000000, 1.000000, 1.000000, 1.000000
1.000000, 1.000000, 1.000000, 1.000000
1.000000, 1.000000, 1.000000, 1.000000
1.000000, 1.009881, 1.000000, 1.000000
1.056000, 1.056000, 1.000000, 1.000000
1.000000, 1.000000, 1.000000, 1.000000
1.007353, 1.000000, 1.000000, 1.000000
1.000000, 1.000000, 1.000000, 1.000000
1.000000, 1.000000, 1.000000, 1.000000
1.000000, 1.000000, 1.000000, 1.000000
1.000000, 1.000000, 1.000000, 1.000000
1.000000, 1.000000, 1.000000, 1.000000
1.000000, 1.000000, 1.000000, 1.000000
1.000000, 1.000000, 1.000000, 1.000000
1.000000, 1.000000, 1.000000, 1.000000
1.000000, 1.000000, 1.000000, 1.000000
1.132308, 1.095385, 1.000000, 1.000000
1.000000, 1.000000, 1.000000, 1.000000
1.000000, 1.034623, 1.000000, 1.000000
1.025510, 1.142857, 1.000000, 1.000000
1.000000, 1.039501, 1.000000, 1.000000
1.000000, 1.000000, 1.000000, 1.000000
1.000000, 1.142145, 1.000000, 1.000000
1.000000, 1.000000, 1.000000, 1.000000
1.000000, 1.000000, 1.000000, 1.000000
1.000000, 1.000000, 1.000000, 1.000000
1.000000, 1.000000, 1.000000, 1.000000
1.000000, 1.000000, 1.000000, 1.000000
1.000000, 1.000000, 1.000000, 1.000000
1.000000, 1.000000, 1.000000, 1.000000
1.000000, 1.000000, 1.000000, 1.000000
1.000000, 1.045714, 1.000000, 1.000000
1.000000, 1.000000, 1.000000, 1.000000
1.000000, 1.011662, 1.000000, 1.000000
1.000000, 1.000000, 1.000000, 1.000000
1.000000, 1.000000, 1.000000, 1.000000
1.109705, 1.000000, 1.000000, 1.000000
1.000000, 1.007273, 1.000000, 1.000000
1.000000, 1.000000, 1.000000, 1.000000
1.000000, 1.000000, 1.000000, 1.000000
1.000000, 1.000000, 1.000000, 1.000000
1.000000, 1.000000, 1.000000, 1.000000
1.024169, 1.024169, 1.000000, 1.000000
1.113786, 1.008753, 1.000000, 1.000000
1.000000, 1.000000, 1.000000, 1.000000
1.000000, 1.000000, 1.000000, 1.000000
1.000000, 1.000000, 1.000000, 1.000000
1.000000, 1.000000, 1.000000, 1.000000
1.000000, 1.000000, 1.000000, 1.000000
1.000000, 1.000000, 1.000000, 1.000000
1.000000, 1.000000, 1.000000, 1.000000
1.057143, 1.184127, 1.000000, 1.000000
1.000000, 1.000000, 1.000000, 1.000000
1.000000, 1.000000, 1.000000, 1.000000
1.000000, 1.000000, 1.000000, 1.000000
1.000000, 1.000000, 1.000000, 1.000000
1.000000, 1.000000, 1.000000, 1.000000
1.000000, 1.002710, 1.000000, 1.000000
1.000000, 1.000000, 1.000000, 1.000000
1.000000, 1.000000, 1.000000, 1.000000
1.000000, 1.167300, 1.000000, 1.000000
1.101828, 1.000000, 1.000000, 1.000000
1.000000, 1.000000, 1.000000, 1.000000
1.000000, 1.000000, 1.000000, 1.000000
1.000000, 1.000000, 1.000000, 1.000000
1.000000, 1.000000, 1.000000, 1.000000
1.012019, 1.000000, 1.000000, 1.000000
1.050971, 1.000000, 1.000000, 1.000000
1.000000, 1.000000, 1.000000, 1.000000
1.000000, 1.000000, 1.000000, 1.000000
1.000000, 1.000000, 1.000000, 1.000000
1.000000, 1.000000, 1.000000, 1.000000
1.000000, 1.000000, 1.000000, 1.000000
1.000000, 1.000000, 1.000000, 1.000000
1.145780, 1.000000, 1.000000, 1.000000
1.000000, 1.000000, 1.000000, 1.000000
1.000000, 1.000000, 1.000000, 1.000000
1.000000, 1.000000, 1.000000, 1.000000
1.000000, 1.000000, 1.000000, 1.000000
1.000000, 1.000000, 1.000000, 1.000000
1.000000, 1.000000, 1.000000, 1.000000
1.202778, 1.000000, 1.000000, 1.000000
1.011494, 1.097701, 1.000000, 1.000000
1.000000, 1.000000, 1.000000, 1.000000
1.081169, 1.055195, 1.000000, 1.000000
1.092308, 1.030769, 1.000000, 1.000000
1.000000, 1.035320, 1.000000, 1.000000
1.000000, 1.000000, 1.000000, 1.000000
1.000000, 1.000000, 1.000000, 1.000000
1.037862, 1.000000, 1.000000, 1.000000
1.060686, 1.168865, 1.000000, 1.000000
1.000000, 1.243590, 1.000000, 1.000000
1.000000, 1.000000, 1.000000, 1.000000
1.000000, 1.010753, 1.000000, 1.000000
1.292683, 1.292683, 1.109756, 1.109756
1.038647, 1.000000, 1.000000, 1.000000
1.000000, 1.025445, 1.000000, 1.000000
1.000000, 1.000000, 1.000000, 1.000000
1.000000, 1.000000, 1.000000, 1.000000
1.000000, 1.000000, 1.000000, 1.000000
1.051213, 1.000000, 1.000000, 1.000000
1.048048, 1.096096, 1.000000, 1.000000
1.000000, 1.000000, 1.000000, 1.000000
1.000000, 1.004219, 1.000000, 1.000000
1.000000, 1.000000, 1.000000, 1.000000
1.000000, 1.000000, 1.000000, 1.000000
1.082164, 1.000000, 1.000000, 1.000000
1.016129, 1.245968, 1.000000, 1.000000
1.000000, 1.000000, 1.000000, 1.000000
1.000000, 1.000000, 1.000000, 1.000000
1.000000, 1.000000, 1.000000, 1.000000
1.000000, 1.000000, 1.000000, 1.000000
1.000000, 1.000000, 1.000000, 1.000000
1.000000, 1.000000, 1.000000, 1.000000
1.000000, 1.000000, 1.000000, 1.000000
1.036697, 1.103976, 1.000000, 1.000000
1.000000, 1.000000, 1.000000, 1.000000
1.000000, 1.000000, 1.000000, 1.000000
1.041667, 1.216667, 1.041667, 1.041667
1.088710, 1.153226, 1.000000, 1.000000
1.000000, 1.000000, 1.000000, 1.000000
1.322917, 1.187500, 1.187500, 1.187500
1.100939, 1.000000, 1.000000, 1.000000
1.000000, 1.000000, 1.000000, 1.000000
1.000000, 1.000000, 1.000000, 1.000000
1.079208, 1.037129, 1.000000, 1.000000
1.000000, 1.153846, 1.000000, 1.000000
1.018519, 1.000000, 1.000000, 1.000000
1.003670, 1.000000, 1.000000, 1.000000
1.002105, 1.000000, 1.000000, 1.000000
1.000000, 1.000000, 1.000000, 1.000000
1.061333, 1.000000, 1.000000, 1.000000
1.120588, 1.105882, 1.000000, 1.000000
1.000000, 1.000000, 1.000000, 1.000000
1.000000, 1.000000, 1.000000, 1.000000
1.000000, 1.000000, 1.000000, 1.000000
1.000000, 1.000000, 1.000000, 1.000000
1.000000, 1.000000, 1.000000, 1.000000
1.065000, 1.000000, 1.000000, 1.000000
1.014706, 1.061765, 1.000000, 1.000000
1.000000, 1.004000, 1.000000, 1.000000
1.000000, 1.000000, 1.000000, 1.000000
1.000000, 1.000000, 1.000000, 1.000000
1.000000, 1.000000, 1.000000, 1.000000
1.005935, 1.080119, 1.000000, 1.000000
1.000000, 1.000000, 1.000000, 1.000000
1.000000, 1.000000, 1.000000, 1.000000
1.000000, 1.000000, 1.000000, 1.000000
1.000000, 1.000000, 1.000000, 1.000000
1.000000, 1.000000, 1.000000, 1.000000
1.000000, 1.000000, 1.000000, 1.000000
1.000000, 1.000000, 1.000000, 1.000000
1.000000, 1.000000, 1.000000, 1.000000
1.000000, 1.000000, 1.000000, 1.000000
1.000000, 1.000000, 1.000000, 1.000000
1.146341, 1.000000, 1.000000, 1.000000
1.000000, 1.000000, 1.000000, 1.000000
1.100629, 1.000000, 1.000000, 1.000000
1.000000, 1.000000, 1.000000, 1.000000
1.108434, 1.186747, 1.000000, 1.000000
1.000000, 1.000000, 1.000000, 1.000000
