random, model, zhao2020, ilp
1.000000, 1.000000, 1.000000, 1.000000
1.000000, 1.000000, 1.000000, 1.000000
1.047414, 1.000000, 1.000000, 1.000000
1.000000, 1.022039, 1.000000, 1.000000
1.000000, 1.000000, 1.000000, 1.000000
1.000000, 1.000000, 1.000000, 1.000000
1.000000, 1.000000, 1.000000, 1.000000
1.155738, 1.000000, 1.000000, 1.000000
1.221184, 1.155763, 1.065421, 1.065421
1.000000, 1.000000, 1.000000, 1.000000
1.000000, 1.052459, 1.000000, 1.000000
1.027638, 1.022613, 1.000000, 1.000000
1.000000, 1.000000, 1.000000, 1.000000
1.000000, 1.081571, 1.000000, 1.000000
1.000000, 1.000000, 1.000000, 1.000000
1.000000, 1.000000, 1.000000, 1.000000
1.009709, 1.009709, 1.000000, 1.000000
1.000000, 1.000000, 1.000000, 1.000000
1.000000, 1.000000, 1.000000, 1.000000
1.000000, 1.000000, 1.000000, 1.000000
1.000000, 1.000000, 1.000000, 1.000000
1.000000, 1.000000, 1.000000, 1.000000
1.000000, 1.000000, 1.000000, 1.000000
1.000000, 1.000000, 1.000000, 1.000000
1.000000, 1.000000, 1.000000, 1.000000
1.000000, 1.000000, 1.000000, 1.000000
1.000000, 1.000000, 1.000000, 1.000000
1.000000, 1.000000, 1.000000, 1.000000
1.125000, 1.000000, 1.000000, 1.000000
1.000000, 1.000000, 1.000000, 1.000000
1.000000, 1.000000, 1.000000, 1.000000
1.000000, 1.000000, 1.000000, 1.000000
1.000000, 1.000000, 1.000000, 1.000000
1.000000, 1.000000, 1.000000, 1.000000
1.000000, 1.000000, 1.000000, 1.000000
1.000000, 1.000000, 1.000000, 1.000000
1.000000, 1.000000, 1.000000, 1.000000
1.018779, 1.000000, 1.000000, 1.000000
1.000000, 1.000000, 1.000000, 1.000000
1.000000, 1.000000, 1.000000, 1.000000
1.000000, 1.000000, 1.000000, 1.000000
1.117470, 1.003012, 1.003012, 1.003012
1.000000, 1.000000, 1.000000, 1.000000
1.000000, 1.000000, 1.000000, 1.000000
1.000000, 1.000000, 1.000000, 1.000000
1.072093, 1.000000, 1.000000, 1.000000
1.000000, 1.000000, 1.000000, 1.000000
1.000000, 1.000000, 1.000000, 1.000000
1.000000, 1.000000, 1.000000, 1.000000
1.000000, 1.000000, 1.000000, 1.000000
1.000000, 1.000000, 1.000000, 1.000000
1.000000, 1.000000, 1.000000, 1.000000
1.000000, 1.000000, 1.000000, 1.000000
1.000000, 1.000000, 1.000000, 1.000000
1.000000, 1.012987, 1.000000, 1.000000
1.000000, 1.000000, 1.000000, 1.000000
1.000000, 1.000000, 1.000000, 1.000000
1.000000, 1.000000, 1.000000, 1.000000
1.000000, 1.000000, 1.000000, 1.000000
1.008791, 1.000000, 1.000000, 1.000000
1.000000, 1.000000, 1.000000, 1.000000
1.000000, 1.000000, 1.000000, 1.000000
1.000000, 1.000000, 1.000000, 1.000000
1.000000, 1.000000, 1.000000, 1.000000
1.000000, 1.000000, 1.000000, 1.000000
1.000000, 1.000000, 1.000000, 1.000000
1.000000, 1.037281, 1.000000, 1.000000
1.000000, 1.000000, 1.000000, 1.000000
1.019022, 1.000000, 1.000000, 1.000000
1.055901, 1.000000, 1.000000, 1.000000
1.000000, 1.000000, 1.000000, 1.000000
1.000000, 1.000000, 1.000000, 1.000000
1.000000, 1.000000, 1.000000, 1.000000
1.000000, 1.000000, 1.000000, 1.000000
1.000000, 1.000000, 1.000000, 1.000000
1.000000, 1.000000, 1.000000, 1.000000
1.000000, 1.000000, 1.000000, 1.000000
1.000000, 1.000000, 1.000000, 1.000000
1.000000, 1.000000, 1.000000, 1.000000
1.000000, 1.000000, 1.000000, 1.000000
1.000000, 1.000000, 1.000000, 1.000000
1.000000, 1.000000, 1.000000, 1.000000
1.000000, 1.000000, 1.000000, 1.000000
1.000000, 1.000000, 1.000000, 1.000000
1.095238, 1.082251, 1.000000, 1.000000
1.000000, 1.000000, 1.000000, 1.000000
1.000000, 1.000000, 1.000000, 1.000000
1.000000, 1.000000, 1.000000, 1.000000
1.099631, 1.099631, 1.000000, 1.000000
1.157233, 1.191824, 1.000000, 1.000000
1.000000, 1.000000, 1.000000, 1.000000
1.137072, 1.000000, 1.000000, 1.000000
1.000000, 1.000000, 1.000000, 1.000000
1.000000, 1.000000, 1.000000, 1.000000
1.000000, 1.000000, 1.000000, 1.000000
1.000000, 1.000000, 1.000000, 1.000000
1.000000, 1.000000, 1.000000, 1.000000
1.000000, 1.000000, 1.000000, 1.000000
1.000000, 1.000000, 1.000000, 1.000000
1.000000, 1.000000, 1.000000, 1.000000
1.000000, 1.000000, 1.000000, 1.000000
1.000000, 1.000000, 1.000000, 1.000000
1.000000, 1.000000, 1.000000, 1.000000
1.000000, 1.000000, 1.000000, 1.000000
1.000000, 1.000000, 1.000000, 1.000000
1.000000, 1.060241, 1.000000, 1.000000
1.000000, 1.000000, 1.000000, 1.000000
1.000000, 1.000000, 1.000000, 1.000000
1.000000, 1.000000, 1.000000, 1.000000
1.066339, 1.000000, 1.000000, 1.000000
1.000000, 1.000000, 1.000000, 1.000000
1.000000, 1.000000, 1.000000, 1.000000
1.133858, 1.123360, 1.000000, 1.000000
1.000000, 1.000000, 1.000000, 1.000000
1.000000, 1.000000, 1.000000, 1.000000
1.000000, 1.000000, 1.000000, 1.000000
1.000000, 1.000000, 1.000000, 1.000000
1.000000, 1.000000, 1.000000, 1.000000
1.000000, 1.000000, 1.000000, 1.000000
1.000000, 1.000000, 1.000000, 1.000000
1.000000, 1.000000, 1.000000, 1.000000
1.000000, 1.000000, 1.000000, 1.000000
1.000000, 1.000000, 1.000000, 1.000000
1.000000, 1.000000, 1.000000, 1.000000
1.016340, 1.000000, 1.000000, 1.000000
1.000000, 1.000000, 1.000000, 1.000000
1.000000, 1.000000, 1.000000, 1.000000
1.000000, 1.000000, 1.000000, 1.000000
1.000000, 1.000000, 1.000000, 1.000000
1.000000, 1.000000, 1.000000, 1.000000
1.000000, 1.000000, 1.000000, 1.000000
1.000000, 1.000000, 1.000000, 1.000000
1.000000, 1.000000, 1.000000, 1.000000
1.000000, 1.000000, 1.000000, 1.000000
1.000000, 1.000000, 1.000000, 1.000000
1.000000, 1.083756, 1.000000, 1.000000
1.000000, 1.000000, 1.000000, 1.000000
1.000000, 1.000000, 1.000000, 1.000000
1.000000, 1.000000, 1.000000, 1.000000
1.010695, 1.000000, 1.000000, 1.000000
1.000000, 1.000000, 1.000000, 1.000000
1.000000, 1.000000, 1.000000, 1.000000
1.000000, 1.000000, 1.000000, 1.000000
1.003215, 1.000000, 1.000000, 1.000000
1.000000, 1.000000, 1.000000, 1.000000
1.000000, 1.000000, 1.000000, 1.000000
1.000000, 1.106583, 1.000000, 1.000000
1.000000, 1.000000, 1.000000, 1.000000
1.000000, 1.000000, 1.000000, 1.000000
1.000000, 1.000000, 1.000000, 1.000000
1.000000, 1.000000, 1.000000, 1.000000
1.000000, 1.000000, 1.000000, 1.000000
1.148148, 1.000000, 1.000000, 1.000000
1.000000, 1.000000, 1.000000, 1.000000
1.000000, 1.000000, 1.000000, 1.000000
1.000000, 1.000000, 1.000000, 1.000000
1.000000, 1.000000, 1.000000, 1.000000
1.000000, 1.000000, 1.000000, 1.000000
1.051672, 1.000000, 1.000000, 1.000000
1.000000, 1.000000, 1.000000, 1.000000
1.000000, 1.000000, 1.000000, 1.000000
1.000000, 1.026217, 1.000000, 1.000000
1.026882, 1.000000, 1.000000, 1.000000
1.000000, 1.085714, 1.000000, 1.000000
1.000000, 1.000000, 1.000000, 1.000000
1.075908, 1.112211, 1.026403, 1.026403
1.000000, 1.000000, 1.000000, 1.000000
1.000000, 1.000000, 1.000000, 1.000000
1.000000, 1.000000, 1.000000, 1.000000
1.000000, 1.000000, 1.000000, 1.000000
1.110119, 1.074405, 1.000000, 1.000000
1.000000, 1.068493, 1.000000, 1.000000
1.057239, 1.000000, 1.000000, 1.000000
1.000000, 1.000000, 1.000000, 1.000000
1.058282, 1.046012, 1.000000, 1.000000
1.027491, 1.027491, 1.000000, 1.000000
1.000000, 1.000000, 1.000000, 1.000000
1.000000, 1.000000, 1.000000, 1.000000
1.000000, 1.000000, 1.000000, 1.000000
1.000000, 1.000000, 1.000000, 1.000000
1.000000, 1.000000, 1.000000, 1.000000
1.000000, 1.000000, 1.000000, 1.000000
1.000000, 1.000000, 1.000000, 1.000000
1.000000, 1.000000, 1.000000, 1.000000
1.000000, 1.000000, 1.000000, 1.000000
1.000000, 1.000000, 1.000000, 1.000000
1.154930, 1.045070, 1.002817, 1.002817
1.000000, 1.000000, 1.000000, 1.000000
1.000000, 1.000000, 1.000000, 1.000000
1.047297, 1.000000, 1.000000, 1.000000
1.000000, 1.000000, 1.000000, 1.000000
1.090909, 1.099432, 1.000000, 1.000000
1.116838, 1.127148, 1.000000, 1.000000
1.007389, 1.000000, 1.000000, 1.000000
1.000000, 1.000000, 1.000000, 1.000000
1.000000, 1.190164, 1.000000, 1.000000
1.000000, 1.000000, 1.000000, 1.000000
1.000000, 1.000000, 1.000000, 1.000000
1.000000, 1.000000, 1.000000, 1.000000
1.002584, 1.000000, 1.000000, 1.000000
1.060870, 1.000000, 1.000000, 1.000000
1.000000, 1.000000, 1.000000, 1.000000
1.000000, 1.000000, 1.000000, 1.000000
1.000000, 1.000000, 1.000000, 1.000000
1.000000, 1.000000, 1.000000, 1.000000
1.064246, 1.081006, 1.000000, 1.000000
1.000000, 1.000000, 1.000000, 1.000000
1.000000, 1.000000, 1.000000, 1.000000
1.000000, 1.000000, 1.000000, 1.000000
1.000000, 1.000000, 1.000000, 1.000000
1.000000, 1.000000, 1.000000, 1.000000
1.000000, 1.000000, 1.000000, 1.000000
1.000000, 1.000000, 1.000000, 1.000000
1.000000, 1.000000, 1.000000, 1.000000
1.000000, 1.085492, 1.000000, 1.000000
1.000000, 1.000000, 1.000000, 1.000000
1.000000, 1.000000, 1.000000, 1.000000
1.000000, 1.000000, 1.000000, 1.000000
1.077982, 1.000000, 1.000000, 1.000000
1.000000, 1.000000, 1.000000, 1.000000
1.000000, 1.000000, 1.000000, 1.000000
1.000000, 1.000000, 1.000000, 1.000000
1.000000, 1.000000, 1.000000, 1.000000
1.000000, 1.000000, 1.000000, 1.000000
1.000000, 1.000000, 1.000000, 1.000000
1.000000, 1.000000, 1.000000, 1.000000
1.000000, 1.000000, 1.000000, 1.000000
1.000000, 1.014124, 1.000000, 1.000000
1.000000, 1.000000, 1.000000, 1.000000
1.021739, 1.000000, 1.000000, 1.000000
1.000000, 1.027542, 1.000000, 1.000000
1.000000, 1.000000, 1.000000, 1.000000
1.000000, 1.000000, 1.000000, 1.000000
1.000000, 1.000000, 1.000000, 1.000000
1.000000, 1.000000, 1.000000, 1.000000
1.000000, 1.000000, 1.000000, 1.000000
1.066914, 1.037175, 1.000000, 1.000000
1.000000, 1.000000, 1.000000, 1.000000
1.000000, 1.000000, 1.000000, 1.000000
1.000000, 1.000000, 1.000000, 1.000000
1.000000, 1.000000, 1.000000, 1.000000
1.000000, 1.000000, 1.000000, 1.000000
1.000000, 1.000000, 1.000000, 1.000000
1.000000, 1.000000, 1.000000, 1.000000
1.000000, 1.012000, 1.000000, 1.000000
1.000000, 1.000000, 1.000000, 1.000000
1.000000, 1.000000, 1.000000, 1.000000
1.000000, 1.000000, 1.000000, 1.000000
1.000000, 1.000000, 1.000000, 1.000000
1.000000, 1.000000, 1.000000, 1.000000
1.000000, 1.000000, 1.000000, 1.000000
1.000000, 1.000000, 1.000000, 1.000000
1.000000, 1.000000, 1.000000, 1.000000
1.000000, 1.000000, 1.000000, 1.000000
1.000000, 1.000000, 1.000000, 1.000000
1.000000, 1.000000, 1.000000, 1.000000
1.000000, 1.000000, 1.000000, 1.000000
1.000000, 1.000000, 1.000000, 1.000000
1.000000, 1.000000, 1.000000, 1.000000
1.000000, 1.048469, 1.000000, 1.000000
1.002079, 1.018711, 1.000000, 1.000000
1.000000, 1.000000, 1.000000, 1.000000
1.017456, 1.017456, 1.000000, 1.000000
1.000000, 1.000000, 1.000000, 1.000000
1.000000, 1.000000, 1.000000, 1.000000
1.000000, 1.000000, 1.000000, 1.000000
1.043478, 1.000000, 1.000000, 1.000000
1.000000, 1.000000, 1.000000, 1.000000
1.000000, 1.000000, 1.000000, 1.000000
1.000000, 1.000000, 1.000000, 1.000000
1.000000, 1.000000, 1.000000, 1.000000
1.000000, 1.000000, 1.000000, 1.000000
1.000000, 1.000000, 1.000000, 1.000000
1.000000, 1.000000, 1.000000, 1.000000
1.000000, 1.000000, 1.000000, 1.000000
1.000000, 1.000000, 1.000000, 1.000000
1.000000, 1.000000, 1.000000, 1.000000
1.000000, 1.000000, 1.000000, 1.000000
1.000000, 1.000000, 1.000000, 1.000000
1.000000, 1.000000, 1.000000, 1.000000
1.000000, 1.000000, 1.000000, 1.000000
1.000000, 1.000000, 1.000000, 1.000000
1.000000, 1.000000, 1.000000, 1.000000
1.000000, 1.000000, 1.000000, 1.000000
1.000000, 1.000000, 1.000000, 1.000000
1.000000, 1.000000, 1.000000, 1.000000
1.000000, 1.000000, 1.000000, 1.000000
1.000000, 1.000000, 1.000000, 1.000000
1.000000, 1.000000, 1.000000, 1.000000
1.000000, 1.000000, 1.000000, 1.000000
1.073746, 1.000000, 1.000000, 1.000000
1.206349, 1.000000, 1.000000, 1.000000
1.000000, 1.000000, 1.000000, 1.000000
1.000000, 1.000000, 1.000000, 1.000000
1.000000, 1.000000, 1.000000, 1.000000
1.000000, 1.000000, 1.000000, 1.000000
1.035294, 1.000000, 1.000000, 1.000000
1.000000, 1.000000, 1.000000, 1.000000
1.000000, 1.000000, 1.000000, 1.000000
1.000000, 1.000000, 1.000000, 1.000000
1.000000, 1.045627, 1.000000, 1.000000
1.000000, 1.000000, 1.000000, 1.000000
1.000000, 1.000000, 1.000000, 1.000000
1.000000, 1.000000, 1.000000, 1.000000
1.000000, 1.000000, 1.000000, 1.000000
1.039419, 1.000000, 1.000000, 1.000000
1.000000, 1.000000, 1.000000, 1.000000
1.000000, 1.000000, 1.000000, 1.000000
1.003195, 1.000000, 1.000000, 1.000000
1.000000, 1.000000, 1.000000, 1.000000
1.000000, 1.000000, 1.000000, 1.000000
1.000000, 1.000000, 1.000000, 1.000000
1.000000, 1.000000, 1.000000, 1.000000
1.067086, 1.000000, 1.000000, 1.000000
1.074169, 1.000000, 1.000000, 1.000000
1.000000, 1.000000, 1.000000, 1.000000
1.000000, 1.000000, 1.000000, 1.000000
1.000000, 1.000000, 1.000000, 1.000000
1.000000, 1.000000, 1.000000, 1.000000
1.000000, 1.000000, 1.000000, 1.000000
1.111821, 1.000000, 1.000000, 1.000000
1.000000, 1.000000, 1.000000, 1.000000
1.000000, 1.000000, 1.000000, 1.000000
1.000000, 1.000000, 1.000000, 1.000000
1.000000, 1.035714, 1.000000, 1.000000
1.000000, 1.000000, 1.000000, 1.000000
1.000000, 1.013245, 1.000000, 1.000000
1.000000, 1.000000, 1.000000, 1.000000
1.000000, 1.000000, 1.000000, 1.000000
1.000000, 1.000000, 1.000000, 1.000000
1.050132, 1.050132, 1.000000, 1.000000
1.000000, 1.149573, 1.000000, 1.000000
1.000000, 1.000000, 1.000000, 1.000000
1.000000, 1.000000, 1.000000, 1.000000
1.292683, 1.276423, 1.052846, 1.052846
1.000000, 1.000000, 1.000000, 1.000000
1.000000, 1.000000, 1.000000, 1.000000
1.005172, 1.000000, 1.000000, 1.000000
1.000000, 1.000000, 1.000000, 1.000000
1.000000, 1.000000, 1.000000, 1.000000
1.051213, 1.000000, 1.000000, 1.000000
1.000000, 1.000000, 1.000000, 1.000000
1.000000, 1.000000, 1.000000, 1.000000
1.000000, 1.000000, 1.000000, 1.000000
1.012048, 1.000000, 1.000000, 1.000000
1.000000, 1.000000, 1.000000, 1.000000
1.000000, 1.000000, 1.000000, 1.000000
1.000000, 1.157258, 1.000000, 1.000000
1.000000, 1.000000, 1.000000, 1.000000
1.000000, 1.000000, 1.000000, 1.000000
1.000000, 1.000000, 1.000000, 1.000000
1.000000, 1.000000, 1.000000, 1.000000
1.000000, 1.000000, 1.000000, 1.000000
1.000000, 1.000000, 1.000000, 1.000000
1.000000, 1.000000, 1.000000, 1.000000
1.000000, 1.042813, 1.000000, 1.000000
1.000000, 1.000000, 1.000000, 1.000000
1.000000, 1.000000, 1.000000, 1.000000
1.000000, 1.019444, 1.000000, 1.000000
1.000000, 1.088710, 1.000000, 1.000000
1.000000, 1.000000, 1.000000, 1.000000
1.111111, 1.000000, 1.000000, 1.000000
1.023474, 1.000000, 1.000000, 1.000000
1.000000, 1.000000, 1.000000, 1.000000
1.000000, 1.000000, 1.000000, 1.000000
1.037129, 1.000000, 1.000000, 1.000000
1.000000, 1.094293, 1.000000, 1.000000
1.000000, 1.000000, 1.000000, 1.000000
1.000000, 1.000000, 1.000000, 1.000000
1.000000, 1.000000, 1.000000, 1.000000
1.000000, 1.000000, 1.000000, 1.000000
1.000000, 1.000000, 1.000000, 1.000000
1.000000, 1.000000, 1.000000, 1.000000
1.004630, 1.000000, 1.000000, 1.000000
1.000000, 1.000000, 1.000000, 1.000000
1.000000, 1.000000, 1.000000, 1.000000
1.000000, 1.000000, 1.000000, 1.000000
1.000000, 1.000000, 1.000000, 1.000000
1.000000, 1.000000, 1.000000, 1.000000
1.014706, 1.014706, 1.000000, 1.000000
1.004000, 1.000000, 1.000000, 1.000000
1.004950, 1.000000, 1.000000, 1.000000
1.000000, 1.000000, 1.000000, 1.000000
1.000000, 1.000000, 1.000000, 1.000000
1.059347, 1.026706, 1.000000, 1.000000
1.000000, 1.000000, 1.000000, 1.000000
1.000000, 1.000000, 1.000000, 1.000000
1.000000, 1.000000, 1.000000, 1.000000
1.000000, 1.000000, 1.000000, 1.000000
1.000000, 1.000000, 1.000000, 1.000000
1.000000, 1.000000, 1.000000, 1.000000
1.000000, 1.000000, 1.000000, 1.000000
1.000000, 1.000000, 1.000000, 1.000000
1.000000, 1.000000, 1.000000, 1.000000
1.000000, 1.000000, 1.000000, 1.000000
1.000000, 1.000000, 1.000000, 1.000000
1.000000, 1.000000, 1.000000, 1.000000
1.000000, 1.000000, 1.000000, 1.000000
1.000000, 1.000000, 1.000000, 1.000000
1.000000, 1.030120, 1.000000, 1.000000
