random, model, zhao2020, ilp
1.000000, 1.000000, 1.000000, 1.000000
1.000000, 1.000000, 1.000000, 1.000000
1.000000, 1.000000, 1.000000, 1.000000
1.000000, 1.000000, 1.000000, 1.000000
1.000000, 1.000000, 1.000000, 1.000000
1.000000, 1.000000, 1.000000, 1.000000
1.000000, 1.000000, 1.000000, 1.000000
1.000000, 1.000000, 1.000000, 1.000000
1.000000, 1.000000, 1.000000, 1.000000
1.000000, 1.000000, 1.000000, 1.000000
1.000000, 1.105431, 1.000000, 1.000000
1.000000, 1.000000, 1.000000, 1.000000
1.000000, 1.000000, 1.000000, 1.000000
1.000000, 1.000000, 1.000000, 1.000000
1.000000, 1.000000, 1.000000, 1.000000
1.000000, 1.000000, 1.000000, 1.000000
1.000000, 1.000000, 1.000000, 1.000000
1.000000, 1.000000, 1.000000, 1.000000
1.000000, 1.024390, 1.000000, 1.000000
1.000000, 1.000000, 1.000000, 1.000000
1.000000, 1.000000, 1.000000, 1.000000
1.000000, 1.000000, 1.000000, 1.000000
1.000000, 1.000000, 1.000000, 1.000000
1.000000, 1.000000, 1.000000, 1.000000
1.000000, 1.000000, 1.000000, 1.000000
1.000000, 1.000000, 1.000000, 1.000000
1.000000, 1.000000, 1.000000, 1.000000
1.000000, 1.000000, 1.000000, 1.000000
1.000000, 1.000000, 1.000000, 1.000000
1.065844, 1.053498, 1.000000, 1.000000
1.000000, 1.000000, 1.000000, 1.000000
1.000000, 1.006667, 1.000000, 1.000000
1.000000, 1.000000, 1.000000, 1.000000
1.000000, 1.000000, 1.000000, 1.000000
1.000000, 1.000000, 1.000000, 1.000000
1.000000, 1.000000, 1.000000, 1.000000
1.000000, 1.101852, 1.000000, 1.000000
1.080357, 1.077381, 1.000000, 1.000000
1.000000, 1.000000, 1.000000, 1.000000
1.000000, 1.065963, 1.000000, 1.000000
1.000000, 1.000000, 1.000000, 1.000000
1.000000, 1.000000, 1.000000, 1.000000
1.000000, 1.000000, 1.000000, 1.000000
1.000000, 1.000000, 1.000000, 1.000000
1.000000, 1.000000, 1.000000, 1.000000
1.000000, 1.000000, 1.000000, 1.000000
1.000000, 1.000000, 1.000000, 1.000000
1.000000, 1.000000, 1.000000, 1.000000
1.000000, 1.000000, 1.000000, 1.000000
1.000000, 1.000000, 1.000000, 1.000000
1.008876, 1.000000, 1.000000, 1.000000
1.000000, 1.000000, 1.000000, 1.000000
1.000000, 1.000000, 1.000000, 1.000000
1.000000, 1.000000, 1.000000, 1.000000
1.000000, 1.000000, 1.000000, 1.000000
1.000000, 1.000000, 1.000000, 1.000000
1.016287, 1.000000, 1.000000, 1.000000
1.000000, 1.000000, 1.000000, 1.000000
1.000000, 1.000000, 1.000000, 1.000000
1.000000, 1.000000, 1.000000, 1.000000
1.182119, 1.195364, 1.000000, 1.000000
1.000000, 1.000000, 1.000000, 1.000000
1.000000, 1.000000, 1.000000, 1.000000
1.000000, 1.000000, 1.000000, 1.000000
1.000000, 1.000000, 1.000000, 1.000000
1.112000, 1.093333, 1.000000, 1.000000
1.004619, 1.000000, 1.000000, 1.000000
1.000000, 1.000000, 1.000000, 1.000000
1.000000, 1.000000, 1.000000, 1.000000
1.000000, 1.000000, 1.000000, 1.000000
1.000000, 1.000000, 1.000000, 1.000000
1.000000, 1.000000, 1.000000, 1.000000
1.000000, 1.000000, 1.000000, 1.000000
1.002874, 1.017241, 1.000000, 1.000000
1.000000, 1.000000, 1.000000, 1.000000
1.000000, 1.011029, 1.000000, 1.000000
1.000000, 1.000000, 1.000000, 1.000000
1.000000, 1.000000, 1.000000, 1.000000
1.034568, 1.000000, 1.000000, 1.000000
1.000000, 1.000000, 1.000000, 1.000000
1.000000, 1.000000, 1.000000, 1.000000
1.000000, 1.000000, 1.000000, 1.000000
1.013774, 1.013774, 1.000000, 1.000000
1.000000, 1.000000, 1.000000, 1.000000
1.000000, 1.000000, 1.000000, 1.000000
1.156000, 1.228000, 1.000000, 1.000000
1.000000, 1.002725, 1.000000, 1.000000
1.000000, 1.000000, 1.000000, 1.000000
1.000000, 1.000000, 1.000000, 1.000000
1.000000, 1.000000, 1.000000, 1.000000
1.000000, 1.000000, 1.000000, 1.000000
1.008427, 1.165730, 1.000000, 1.000000
1.000000, 1.000000, 1.000000, 1.000000
1.018868, 1.091195, 1.000000, 1.000000
1.000000, 1.000000, 1.000000, 1.000000
1.000000, 1.000000, 1.000000, 1.000000
1.000000, 1.000000, 1.000000, 1.000000
1.000000, 1.000000, 1.000000, 1.000000
1.000000, 1.000000, 1.000000, 1.000000
1.000000, 1.000000, 1.000000, 1.000000
1.000000, 1.005698, 1.000000, 1.000000
1.000000, 1.000000, 1.000000, 1.000000
1.000000, 1.000000, 1.000000, 1.000000
1.012422, 1.000000, 1.000000, 1.000000
1.000000, 1.000000, 1.000000, 1.000000
1.000000, 1.064897, 1.000000, 1.000000
1.000000, 1.000000, 1.000000, 1.000000
1.000000, 1.000000, 1.000000, 1.000000
1.000000, 1.000000, 1.000000, 1.000000
1.000000, 1.000000, 1.000000, 1.000000
1.000000, 1.000000, 1.000000, 1.000000
1.000000, 1.000000, 1.000000, 1.000000
1.000000, 1.000000, 1.000000, 1.000000
1.000000, 1.000000, 1.000000, 1.000000
1.023055, 1.000000, 1.000000, 1.000000
1.000000, 1.000000, 1.000000, 1.000000
1.006579, 1.000000, 1.000000, 1.000000
1.000000, 1.000000, 1.000000, 1.000000
1.000000, 1.000000, 1.000000, 1.000000
1.000000, 1.000000, 1.000000, 1.000000
1.000000, 1.000000, 1.000000, 1.000000
1.000000, 1.000000, 1.000000, 1.000000
1.000000, 1.000000, 1.000000, 1.000000
1.000000, 1.000000, 1.000000, 1.000000
1.000000, 1.000000, 1.000000, 1.000000
1.000000, 1.000000, 1.000000, 1.000000
1.000000, 1.000000, 1.000000, 1.000000
1.000000, 1.000000, 1.000000, 1.000000
1.000000, 1.000000, 1.000000, 1.000000
1.000000, 1.000000, 1.000000, 1.000000
1.000000, 1.000000, 1.000000, 1.000000
1.000000, 1.000000, 1.000000, 1.000000
1.000000, 1.000000, 1.000000, 1.000000
1.000000, 1.000000, 1.000000, 1.000000
1.000000, 1.000000, 1.000000, 1.000000
1.000000, 1.000000, 1.000000, 1.000000
1.000000, 1.000000, 1.000000, 1.000000
1.000000, 1.000000, 1.000000, 1.000000
1.000000, 1.000000, 1.000000, 1.000000
1.009494, 1.000000, 1.000000, 1.000000
1.000000, 1.000000, 1.000000, 1.000000
1.000000, 1.000000, 1.000000, 1.000000
1.000000, 1.000000, 1.000000, 1.000000
1.000000, 1.000000, 1.000000, 1.000000
1.000000, 1.000000, 1.000000, 1.000000
1.000000, 1.000000, 1.000000, 1.000000
1.000000, 1.000000, 1.000000, 1.000000
1.000000, 1.000000, 1.000000, 1.000000
1.000000, 1.000000, 1.000000, 1.000000
1.000000, 1.002653, 1.000000, 1.000000
1.000000, 1.000000, 1.000000, 1.000000
1.000000, 1.000000, 1.000000, 1.000000
1.000000, 1.000000, 1.000000, 1.000000
1.000000, 1.000000, 1.000000, 1.000000
1.000000, 1.000000, 1.000000, 1.000000
1.000000, 1.000000, 1.000000, 1.000000
1.000000, 1.000000, 1.000000, 1.000000
1.091873, 1.003534, 1.000000, 1.000000
1.000000, 1.009245, 1.000000, 1.000000
1.000000, 1.000000, 1.000000, 1.000000
1.000000, 1.000000, 1.000000, 1.000000
1.000000, 1.000000, 1.000000, 1.000000
1.000000, 1.000000, 1.000000, 1.000000
1.037791, 1.093023, 1.000000, 1.000000
1.155172, 1.132184, 1.000000, 1.000000
1.000000, 1.000000, 1.000000, 1.000000
1.000000, 1.019608, 1.000000, 1.000000
1.000000, 1.000000, 1.000000, 1.000000
1.000000, 1.000000, 1.000000, 1.000000
1.000000, 1.000000, 1.000000, 1.000000
1.000000, 1.000000, 1.000000, 1.000000
1.000000, 1.000000, 1.000000, 1.000000
1.000000, 1.000000, 1.000000, 1.000000
1.000000, 1.000000, 1.000000, 1.000000
1.000000, 1.000000, 1.000000, 1.000000
1.000000, 1.000000, 1.000000, 1.000000
1.000000, 1.000000, 1.000000, 1.000000
1.000000, 1.000000, 1.000000, 1.000000
1.146875, 1.028125, 1.000000, 1.000000
1.021672, 1.027864, 1.000000, 1.000000
1.000000, 1.000000, 1.000000, 1.000000
1.000000, 1.000000, 1.000000, 1.000000
1.000000, 1.000000, 1.000000, 1.000000
1.000000, 1.000000, 1.000000, 1.000000
1.000000, 1.000000, 1.000000, 1.000000
1.000000, 1.000000, 1.000000, 1.000000
1.000000, 1.000000, 1.000000, 1.000000
1.000000, 1.000000, 1.000000, 1.000000
1.000000, 1.000000, 1.000000, 1.000000
1.050265, 1.013228, 1.000000, 1.000000
1.065789, 1.000000, 1.000000, 1.000000
1.000000, 1.000000, 1.000000, 1.000000
1.000000, 1.000000, 1.000000, 1.000000
1.000000, 1.000000, 1.000000, 1.000000
1.000000, 1.000000, 1.000000, 1.000000
1.000000, 1.000000, 1.000000, 1.000000
1.000000, 1.000000, 1.000000, 1.000000
1.000000, 1.000000, 1.000000, 1.000000
1.000000, 1.000000, 1.000000, 1.000000
1.000000, 1.000000, 1.000000, 1.000000
1.000000, 1.000000, 1.000000, 1.000000
1.000000, 1.000000, 1.000000, 1.000000
1.000000, 1.000000, 1.000000, 1.000000
1.072165, 1.000000, 1.000000, 1.000000
1.000000, 1.000000, 1.000000, 1.000000
1.000000, 1.000000, 1.000000, 1.000000
1.000000, 1.000000, 1.000000, 1.000000
1.000000, 1.000000, 1.000000, 1.000000
1.000000, 1.000000, 1.000000, 1.000000
1.000000, 1.000000, 1.000000, 1.000000
1.000000, 1.000000, 1.000000, 1.000000
1.000000, 1.000000, 1.000000, 1.000000
1.000000, 1.000000, 1.000000, 1.000000
1.000000, 1.000000, 1.000000, 1.000000
1.000000, 1.000000, 1.000000, 1.000000
1.000000, 1.000000, 1.000000, 1.000000
1.023179, 1.023179, 1.000000, 1.000000
1.000000, 1.000000, 1.000000, 1.000000
1.000000, 1.000000, 1.000000, 1.000000
1.000000, 1.000000, 1.000000, 1.000000
1.000000, 1.000000, 1.000000, 1.000000
1.000000, 1.001938, 1.000000, 1.000000
1.006479, 1.000000, 1.000000, 1.000000
1.000000, 1.000000, 1.000000, 1.000000
1.000000, 1.000000, 1.000000, 1.000000
1.036176, 1.000000, 1.000000, 1.000000
1.000000, 1.000000, 1.000000, 1.000000
1.000000, 1.000000, 1.000000, 1.000000
1.000000, 1.000000, 1.000000, 1.000000
1.000000, 1.000000, 1.000000, 1.000000
1.000000, 1.000000, 1.000000, 1.000000
1.000000, 1.000000, 1.000000, 1.000000
1.000000, 1.000000, 1.000000, 1.000000
1.000000, 1.000000, 1.000000, 1.000000
1.000000, 1.000000, 1.000000, 1.000000
1.000000, 1.000000, 1.000000, 1.000000
1.076190, 1.107937, 1.000000, 1.000000
1.000000, 1.000000, 1.000000, 1.000000
1.000000, 1.000000, 1.000000, 1.000000
1.000000, 1.000000, 1.000000, 1.000000
1.000000, 1.000000, 1.000000, 1.000000
1.000000, 1.000000, 1.000000, 1.000000
1.000000, 1.000000, 1.000000, 1.000000
1.000000, 1.000000, 1.000000, 1.000000
1.000000, 1.000000, 1.000000, 1.000000
1.000000, 1.003049, 1.000000, 1.003049
1.000000, 1.031609, 1.000000, 1.000000
1.000000, 1.000000, 1.000000, 1.000000
1.000000, 1.000000, 1.000000, 1.000000
1.003145, 1.000000, 1.000000, 1.000000
1.000000, 1.000000, 1.000000, 1.000000
1.000000, 1.000000, 1.000000, 1.000000
1.000000, 1.000000, 1.000000, 1.000000
1.000000, 1.000000, 1.000000, 1.000000
1.000000, 1.000000, 1.000000, 1.000000
1.000000, 1.000000, 1.000000, 1.000000
1.000000, 1.129129, 1.000000, 1.000000
1.000000, 1.000000, 1.000000, 1.000000
1.000000, 1.000000, 1.000000, 1.000000
1.000000, 1.000000, 1.000000, 1.000000
1.000000, 1.000000, 1.000000, 1.000000
1.000000, 1.000000, 1.000000, 1.000000
1.000000, 1.000000, 1.000000, 1.000000
1.000000, 1.000000, 1.000000, 1.000000
1.000000, 1.000000, 1.000000, 1.000000
1.000000, 1.000000, 1.000000, 1.000000
1.000000, 1.000000, 1.000000, 1.000000
1.000000, 1.000000, 1.000000, 1.000000
1.000000, 1.000000, 1.000000, 1.000000
1.000000, 1.000000, 1.000000, 1.000000
1.000000, 1.000000, 1.000000, 1.000000
1.007481, 1.000000, 1.000000, 1.000000
1.000000, 1.000000, 1.000000, 1.000000
1.000000, 1.000000, 1.000000, 1.000000
1.029900, 1.026578, 1.000000, 1.000000
1.000000, 1.000000, 1.000000, 1.000000
1.000000, 1.000000, 1.000000, 1.000000
1.027864, 1.043344, 1.000000, 1.000000
1.000000, 1.000000, 1.000000, 1.000000
1.000000, 1.000000, 1.000000, 1.000000
1.000000, 1.000000, 1.000000, 1.000000
1.013201, 1.000000, 1.000000, 1.000000
1.000000, 1.000000, 1.000000, 1.000000
1.000000, 1.052995, 1.000000, 1.000000
1.000000, 1.000000, 1.000000, 1.000000
1.055118, 1.000000, 1.000000, 1.000000
1.000000, 1.000000, 1.000000, 1.000000
1.011494, 1.000000, 1.000000, 1.000000
1.000000, 1.000000, 1.000000, 1.000000
1.000000, 1.000000, 1.000000, 1.000000
1.000000, 1.000000, 1.000000, 1.000000
1.000000, 1.028329, 1.000000, 1.000000
1.000000, 1.000000, 1.000000, 1.000000
1.000000, 1.000000, 1.000000, 1.000000
1.000000, 1.000000, 1.000000, 1.000000
1.000000, 1.000000, 1.000000, 1.000000
1.000000, 1.000000, 1.000000, 1.000000
1.000000, 1.000000, 1.000000, 1.000000
1.000000, 1.021611, 1.000000, 1.000000
1.000000, 1.000000, 1.000000, 1.000000
1.000000, 1.000000, 1.000000, 1.000000
1.000000, 1.000000, 1.000000, 1.000000
1.000000, 1.000000, 1.000000, 1.000000
1.000000, 1.000000, 1.000000, 1.000000
1.000000, 1.000000, 1.000000, 1.000000
1.000000, 1.000000, 1.000000, 1.000000
1.000000, 1.000000, 1.000000, 1.000000
1.000000, 1.000000, 1.000000, 1.000000
1.000000, 1.000000, 1.000000, 1.000000
1.000000, 1.000000, 1.000000, 1.000000
1.000000, 1.000000, 1.000000, 1.000000
1.007732, 1.000000, 1.000000, 1.000000
1.000000, 1.000000, 1.000000, 1.000000
1.000000, 1.000000, 1.000000, 1.000000
1.000000, 1.000000, 1.000000, 1.000000
1.000000, 1.000000, 1.000000, 1.000000
1.000000, 1.000000, 1.000000, 1.000000
1.000000, 1.000000, 1.000000, 1.000000
1.000000, 1.000000, 1.000000, 1.000000
1.000000, 1.000000, 1.000000, 1.000000
1.000000, 1.000000, 1.000000, 1.000000
1.000000, 1.000000, 1.000000, 1.000000
1.000000, 1.000000, 1.000000, 1.000000
1.000000, 1.000000, 1.000000, 1.000000
1.000000, 1.050955, 1.000000, 1.000000
1.000000, 1.000000, 1.000000, 1.000000
1.000000, 1.000000, 1.000000, 1.000000
1.000000, 1.000000, 1.000000, 1.000000
1.000000, 1.000000, 1.000000, 1.000000
1.000000, 1.000000, 1.000000, 1.000000
1.000000, 1.000000, 1.000000, 1.000000
1.000000, 1.000000, 1.000000, 1.000000
1.000000, 1.000000, 1.000000, 1.000000
1.000000, 1.000000, 1.000000, 1.000000
1.000000, 1.000000, 1.000000, 1.000000
1.000000, 1.000000, 1.000000, 1.000000
1.000000, 1.055556, 1.000000, 1.000000
1.000000, 1.000000, 1.000000, 1.000000
1.146096, 1.055416, 1.000000, 1.000000
1.000000, 1.000000, 1.000000, 1.000000
1.000000, 1.000000, 1.000000, 1.000000
1.000000, 1.000000, 1.000000, 1.000000
1.064815, 1.000000, 1.000000, 1.000000
1.000000, 1.000000, 1.000000, 1.000000
1.000000, 1.000000, 1.000000, 1.000000
1.000000, 1.000000, 1.000000, 1.000000
1.000000, 1.000000, 1.000000, 1.000000
1.000000, 1.043887, 1.000000, 1.000000
1.000000, 1.000000, 1.000000, 1.000000
1.000000, 1.000000, 1.000000, 1.000000
1.000000, 1.000000, 1.000000, 1.000000
1.000000, 1.000000, 1.000000, 1.000000
1.000000, 1.000000, 1.000000, 1.000000
1.000000, 1.020134, 1.000000, 1.000000
1.000000, 1.027322, 1.000000, 1.000000
1.107023, 1.107023, 1.000000, 1.000000
1.000000, 1.025381, 1.000000, 1.000000
1.000000, 1.000000, 1.000000, 1.000000
1.000000, 1.000000, 1.000000, 1.000000
1.000000, 1.000000, 1.000000, 1.000000
1.000000, 1.000000, 1.000000, 1.000000
1.000000, 1.000000, 1.000000, 1.000000
1.000000, 1.000000, 1.000000, 1.000000
1.052486, 1.071823, 1.000000, 1.000000
1.000000, 1.000000, 1.000000, 1.000000
1.053571, 1.136905, 1.000000, 1.000000
1.000000, 1.000000, 1.000000, 1.000000
1.040230, 1.086207, 1.000000, 1.000000
1.000000, 1.000000, 1.000000, 1.000000
1.000000, 1.000000, 1.000000, 1.000000
1.000000, 1.000000, 1.000000, 1.000000
1.000000, 1.000000, 1.000000, 1.000000
1.000000, 1.000000, 1.000000, 1.000000
1.000000, 1.000000, 1.000000, 1.000000
1.000000, 1.000000, 1.000000, 1.000000
1.000000, 1.016990, 1.000000, 1.000000
1.000000, 1.015152, 1.000000, 1.000000
1.000000, 1.000000, 1.000000, 1.000000
1.000000, 1.000000, 1.000000, 1.000000
1.000000, 1.000000, 1.000000, 1.037143
1.000000, 1.000000, 1.000000, 1.000000
1.000000, 1.000000, 1.000000, 1.000000
1.000000, 1.029326, 1.000000, 1.000000
1.000000, 1.000000, 1.000000, 1.000000
1.000000, 1.000000, 1.000000, 1.000000
1.000000, 1.024000, 1.000000, 1.000000
1.000000, 1.000000, 1.000000, 1.000000
1.000000, 1.000000, 1.000000, 1.000000
1.000000, 1.000000, 1.000000, 1.000000
1.000000, 1.000000, 1.000000, 1.000000
1.000000, 1.000000, 1.000000, 1.000000
1.000000, 1.000000, 1.000000, 1.000000
1.000000, 1.000000, 1.000000, 1.000000
1.000000, 1.000000, 1.000000, 1.000000
1.000000, 1.062162, 1.000000, 1.000000
1.000000, 1.006116, 1.000000, 1.000000
1.000000, 1.000000, 1.000000, 1.000000
1.000000, 1.000000, 1.000000, 1.000000
1.000000, 1.000000, 1.000000, 1.000000
1.000000, 1.000000, 1.000000, 1.000000
