random, model, zhao2020, ilp
1.000000, 1.015267, 1.000000, 1.000000
1.000000, 1.000000, 1.000000, 1.000000
1.102273, 1.003788, 1.000000, 1.000000
1.000000, 1.000000, 1.000000, 1.000000
1.000000, 1.000000, 1.000000, 1.000000
1.000000, 1.000000, 1.000000, 1.000000
1.000000, 1.000000, 1.000000, 1.000000
1.000000, 1.000000, 1.000000, 1.000000
1.003891, 1.027237, 1.023346, 1.003891
1.000000, 1.000000, 1.000000, 1.000000
1.000000, 1.000000, 1.000000, 1.000000
1.000000, 1.000000, 1.000000, 1.000000
1.000000, 1.000000, 1.000000, 1.000000
1.084302, 1.049419, 1.000000, 1.000000
1.000000, 1.079511, 1.006116, 1.000000
1.017442, 1.002907, 1.000000, 1.000000
1.011396, 1.017094, 1.000000, 1.000000
1.000000, 1.000000, 1.000000, 1.000000
1.011331, 1.022663, 1.000000, 1.000000
1.031056, 1.000000, 1.000000, 1.000000
1.026012, 1.000000, 1.000000, 1.000000
1.000000, 1.000000, 1.000000, 1.000000
1.038095, 1.009524, 1.000000, 1.019048
1.000000, 1.000000, 1.000000, 1.000000
1.000000, 1.012346, 1.000000, 1.000000
1.000000, 1.000000, 1.000000, 1.000000
1.016620, 1.000000, 1.000000, 1.000000
1.000000, 1.000000, 1.000000, 1.000000
1.114187, 1.072664, 1.000000, 1.000000
1.003322, 1.000000, 1.000000, 1.000000
1.196970, 1.223485, 1.049242, 1.045455
1.000000, 1.005917, 1.000000, 1.000000
1.000000, 1.000000, 1.000000, 1.000000
1.000000, 1.000000, 1.000000, 1.000000
1.000000, 1.015625, 1.000000, 1.000000
1.000000, 1.015291, 1.000000, 1.000000
1.013889, 1.000000, 1.000000, 1.000000
1.229851, 1.107463, 1.000000, 1.000000
1.000000, 1.009317, 1.000000, 1.000000
1.003077, 1.000000, 1.000000, 1.000000
1.085246, 1.173770, 1.000000, 1.000000
1.000000, 1.040134, 1.000000, 1.000000
1.000000, 1.000000, 1.000000, 1.000000
1.081481, 1.055556, 1.000000, 1.000000
1.000000, 1.000000, 1.000000, 1.000000
1.016484, 1.000000, 1.000000, 1.000000
1.000000, 1.000000, 1.000000, 1.000000
1.000000, 1.014545, 1.000000, 1.000000
1.025862, 1.000000, 1.000000, 1.000000
1.069307, 1.046205, 1.000000, 1.000000
1.076159, 1.069536, 1.029801, 1.000000
1.040984, 1.005464, 1.000000, 1.000000
1.000000, 1.000000, 1.000000, 1.000000
1.062295, 1.016393, 1.000000, 1.009836
1.000000, 1.000000, 1.000000, 1.000000
1.000000, 1.000000, 1.000000, 1.000000
1.000000, 1.000000, 1.000000, 1.000000
1.000000, 1.000000, 1.000000, 1.000000
1.016340, 1.000000, 1.000000, 1.000000
1.045775, 1.077465, 1.000000, 1.000000
1.140110, 1.120879, 1.000000, 1.000000
1.000000, 1.000000, 1.000000, 1.000000
1.000000, 1.000000, 1.000000, 1.000000
1.000000, 1.000000, 1.000000, 1.000000
1.000000, 1.000000, 1.000000, 1.000000
1.000000, 1.000000, 1.000000, 1.037037
1.000000, 1.000000, 1.000000, 1.000000
1.000000, 1.000000, 1.000000, 1.000000
1.000000, 1.000000, 1.000000, 1.000000
1.000000, 1.000000, 1.000000, 1.000000
1.000000, 1.000000, 1.000000, 1.000000
1.003861, 1.027027, 1.000000, 1.000000
1.000000, 1.000000, 1.000000, 1.000000
1.000000, 1.005666, 1.000000, 1.000000
1.000000, 1.000000, 1.000000, 1.000000
1.010909, 1.007273, 1.000000, 1.007273
1.000000, 1.075269, 1.000000, 1.000000
1.000000, 1.000000, 1.000000, 1.000000
1.036923, 1.012308, 1.000000, 1.000000
1.000000, 1.000000, 1.000000, 1.000000
1.058632, 1.065147, 1.000000, 1.000000
1.000000, 1.045714, 1.000000, 1.000000
1.000000, 1.111864, 1.000000, 1.000000
1.000000, 1.000000, 1.000000, 1.000000
1.000000, 1.000000, 1.000000, 1.000000
1.000000, 1.000000, 1.000000, 1.000000
1.000000, 1.000000, 1.000000, 1.000000
1.031088, 1.000000, 1.000000, 1.000000
1.227612, 1.123134, 1.029851, 1.055970
1.000000, 1.000000, 1.000000, 1.000000
1.000000, 1.000000, 1.000000, 1.000000
1.000000, 1.000000, 1.000000, 1.000000
1.000000, 1.000000, 1.000000, 1.000000
1.000000, 1.012461, 1.000000, 1.000000
1.000000, 1.000000, 1.000000, 1.000000
1.079882, 1.079882, 1.000000, 1.000000
1.000000, 1.010033, 1.000000, 1.000000
1.000000, 1.000000, 1.000000, 1.000000
1.000000, 1.000000, 1.000000, 1.000000
1.000000, 1.000000, 1.000000, 1.000000
1.000000, 1.000000, 1.000000, 1.000000
1.000000, 1.005525, 1.000000, 1.000000
1.000000, 1.000000, 1.000000, 1.000000
1.046414, 1.063291, 1.000000, 1.000000
1.000000, 1.000000, 1.000000, 1.000000
1.087774, 1.034483, 1.000000, 1.000000
1.222672, 1.226721, 1.085020, 1.093117
1.069498, 1.054054, 1.000000, 1.000000
1.000000, 1.000000, 1.000000, 1.000000
1.022284, 1.022284, 1.000000, 1.000000
1.000000, 1.000000, 1.000000, 1.000000
1.000000, 1.000000, 1.000000, 1.000000
1.019417, 1.000000, 1.000000, 1.000000
1.039886, 1.000000, 1.000000, 1.000000
1.000000, 1.032641, 1.000000, 1.000000
1.103245, 1.000000, 1.000000, 1.000000
1.030928, 1.140893, 1.000000, 1.030928
1.000000, 1.002618, 1.000000, 1.000000
1.000000, 1.003745, 1.000000, 1.000000
1.012195, 1.000000, 1.000000, 1.000000
1.000000, 1.000000, 1.000000, 1.000000
1.007246, 1.036232, 1.000000, 1.000000
1.003115, 1.052960, 1.000000, 1.000000
1.000000, 1.000000, 1.000000, 1.000000
1.110063, 1.056604, 1.000000, 1.022013
1.000000, 1.000000, 1.000000, 1.000000
1.037572, 1.000000, 1.000000, 1.000000
1.057402, 1.036254, 1.000000, 1.000000
1.000000, 1.000000, 1.000000, 1.000000
1.000000, 1.000000, 1.000000, 1.000000
1.043614, 1.018692, 1.000000, 1.000000
1.073964, 1.000000, 1.000000, 1.000000
1.000000, 1.000000, 1.000000, 1.000000
1.000000, 1.000000, 1.000000, 1.000000
1.005900, 1.000000, 1.000000, 1.000000
1.121429, 1.171429, 1.000000, 1.000000
1.000000, 1.000000, 1.000000, 1.000000
1.009740, 1.009740, 1.000000, 1.000000
1.000000, 1.113846, 1.000000, 1.000000
1.000000, 1.000000, 1.000000, 1.000000
1.049057, 1.000000, 1.000000, 1.000000
1.028818, 1.002882, 1.000000, 1.000000
1.000000, 1.000000, 1.000000, 1.000000
1.000000, 1.014535, 1.000000, 1.000000
1.084592, 1.036254, 1.000000, 1.000000
1.000000, 1.067358, 1.000000, 1.000000
1.021951, 1.000000, 1.000000, 1.000000
1.053191, 1.039007, 1.000000, 1.042553
1.134387, 1.102767, 1.000000, 1.035573
1.000000, 1.000000, 1.000000, 1.000000
1.000000, 1.000000, 1.000000, 1.000000
1.010178, 1.000000, 1.000000, 1.000000
1.000000, 1.000000, 1.000000, 1.000000
1.000000, 1.000000, 1.000000, 1.000000
1.000000, 1.034483, 1.000000, 1.000000
1.055728, 1.086687, 1.000000, 1.000000
1.000000, 1.015723, 1.000000, 1.000000
1.000000, 1.061644, 1.000000, 1.000000
1.044379, 1.026627, 1.000000, 1.000000
1.000000, 1.000000, 1.000000, 1.000000
1.000000, 1.032680, 1.000000, 1.039216
1.121107, 1.013841, 1.013841, 1.000000
1.000000, 1.000000, 1.000000, 1.000000
1.007117, 1.000000, 1.000000, 1.000000
1.064309, 1.025723, 1.000000, 1.000000
1.000000, 1.000000, 1.000000, 1.000000
1.000000, 1.000000, 1.000000, 1.000000
1.034091, 1.000000, 1.000000, 1.000000
1.000000, 1.008929, 1.000000, 1.000000
1.059701, 1.059701, 1.000000, 1.000000
1.000000, 1.000000, 1.000000, 1.000000
1.038732, 1.130282, 1.000000, 1.000000
1.052817, 1.052817, 1.000000, 1.000000
1.055556, 1.000000, 1.000000, 1.000000
1.056856, 1.113712, 1.003344, 1.000000
1.010676, 1.024911, 1.000000, 1.000000
1.000000, 1.000000, 1.000000, 1.000000
1.000000, 1.010283, 1.000000, 1.000000
1.026515, 1.026515, 1.000000, 1.026515
1.000000, 1.009174, 1.000000, 1.000000
1.000000, 1.000000, 1.000000, 1.000000
1.016611, 1.036545, 1.000000, 1.000000
1.000000, 1.000000, 1.000000, 1.000000
1.000000, 1.000000, 1.000000, 1.000000
1.000000, 1.000000, 1.000000, 1.000000
1.000000, 1.000000, 1.000000, 1.000000
1.041935, 1.000000, 1.000000, 1.000000
1.000000, 1.000000, 1.000000, 1.000000
1.000000, 1.000000, 1.000000, 1.000000
1.000000, 1.000000, 1.000000, 1.000000
1.000000, 1.000000, 1.000000, 1.000000
1.000000, 1.000000, 1.000000, 1.000000
1.000000, 1.000000, 1.000000, 1.000000
1.025316, 1.053165, 1.000000, 1.000000
1.000000, 1.000000, 1.000000, 1.000000
1.000000, 1.023392, 1.000000, 1.000000
1.024793, 1.000000, 1.000000, 1.000000
1.000000, 1.000000, 1.000000, 1.000000
1.156364, 1.105455, 1.000000, 1.000000
1.000000, 1.000000, 1.000000, 1.000000
1.000000, 1.000000, 1.000000, 1.000000
1.032500, 1.010000, 1.000000, 1.010000
1.080769, 1.065385, 1.130769, 1.000000
1.021505, 1.003584, 1.000000, 1.000000
1.000000, 1.018470, 1.000000, 1.000000
1.000000, 1.086667, 1.000000, 1.000000
1.000000, 1.012945, 1.000000, 1.000000
1.118081, 1.103321, 1.000000, 1.000000
1.000000, 1.032258, 1.000000, 1.054839
1.022152, 1.022152, 1.000000, 1.022152
1.000000, 1.000000, 1.000000, 1.000000
1.033962, 1.049057, 1.000000, 1.000000
1.000000, 1.053797, 1.000000, 1.000000
1.038710, 1.000000, 1.000000, 1.000000
1.000000, 1.000000, 1.000000, 1.000000
1.000000, 1.000000, 1.000000, 1.000000
1.000000, 1.000000, 1.000000, 1.000000
1.000000, 1.000000, 1.000000, 1.000000
1.018576, 1.000000, 1.000000, 1.000000
1.000000, 1.006472, 1.000000, 1.000000
1.067416, 1.003745, 1.000000, 1.000000
1.007389, 1.000000, 1.000000, 1.000000
1.000000, 1.030120, 1.000000, 1.030120
1.010067, 1.010067, 1.000000, 1.000000
1.122951, 1.045082, 1.000000, 1.028689
1.000000, 1.000000, 1.000000, 1.000000
1.000000, 1.000000, 1.000000, 1.000000
1.011696, 1.011696, 1.000000, 1.011696
1.000000, 1.000000, 1.000000, 1.000000
1.058824, 1.045752, 1.000000, 1.000000
1.000000, 1.000000, 1.000000, 1.000000
1.024306, 1.000000, 1.000000, 1.000000
1.082317, 1.079268, 1.000000, 1.000000
1.000000, 1.000000, 1.000000, 1.000000
1.000000, 1.000000, 1.000000, 1.000000
1.000000, 1.000000, 1.000000, 1.000000
1.000000, 1.000000, 1.000000, 1.000000
1.007299, 1.000000, 1.000000, 1.000000
1.000000, 1.053333, 1.016000, 1.000000
1.003058, 1.003058, 1.000000, 1.000000
1.012085, 1.000000, 1.000000, 1.000000
1.000000, 1.018421, 1.000000, 1.000000
1.007194, 1.000000, 1.000000, 1.000000
1.045455, 1.026738, 1.000000, 1.000000
1.000000, 1.000000, 1.000000, 1.000000
1.000000, 1.086207, 1.000000, 1.000000
1.000000, 1.000000, 1.000000, 1.000000
1.000000, 1.000000, 1.000000, 1.000000
1.053191, 1.028369, 1.035461, 1.028369
1.000000, 1.005970, 1.000000, 1.000000
1.000000, 1.000000, 1.000000, 1.000000
1.000000, 1.016327, 1.000000, 1.000000
1.000000, 1.000000, 1.000000, 1.000000
1.000000, 1.006390, 1.000000, 1.000000
1.000000, 1.000000, 1.000000, 1.000000
1.000000, 1.000000, 1.000000, 1.000000
1.000000, 1.000000, 1.000000, 1.000000
1.000000, 1.008798, 1.000000, 1.000000
1.000000, 1.000000, 1.000000, 1.000000
1.000000, 1.000000, 1.000000, 1.000000
1.000000, 1.067340, 1.000000, 1.000000
1.000000, 1.000000, 1.000000, 1.000000
1.002915, 1.000000, 1.000000, 1.000000
1.031802, 1.000000, 1.000000, 1.000000
1.009967, 1.026578, 1.000000, 1.000000
1.000000, 1.053968, 1.000000, 1.000000
1.000000, 1.014870, 1.000000, 1.000000
1.000000, 1.000000, 1.000000, 1.000000
1.085185, 1.074074, 1.000000, 1.000000
1.000000, 1.000000, 1.000000, 1.000000
1.000000, 1.000000, 1.000000, 1.000000
1.000000, 1.000000, 1.000000, 1.000000
1.000000, 1.043887, 1.000000, 1.000000
1.063559, 1.105932, 1.000000, 1.000000
1.123134, 1.104478, 1.000000, 1.000000
1.039146, 1.056940, 1.000000, 1.035587
1.005900, 1.000000, 1.000000, 1.000000
1.017668, 1.014134, 1.010601, 1.000000
1.084746, 1.010169, 1.000000, 1.000000
1.090909, 1.065831, 1.000000, 1.006270
1.046584, 1.068323, 1.000000, 1.000000
1.069909, 1.075988, 1.000000, 1.000000
1.034286, 1.008571, 1.000000, 1.000000
1.114583, 1.055556, 1.000000, 1.000000
1.051118, 1.031949, 1.044728, 1.044728
1.086262, 1.095847, 1.000000, 1.000000
1.041451, 1.000000, 1.000000, 1.000000
1.000000, 1.000000, 1.000000, 1.000000
1.000000, 1.000000, 1.000000, 1.000000
1.003344, 1.000000, 1.000000, 1.000000
1.000000, 1.037143, 1.000000, 1.000000
1.000000, 1.000000, 1.000000, 1.000000
1.000000, 1.000000, 1.000000, 1.000000
1.000000, 1.000000, 1.000000, 1.000000
1.054945, 1.161172, 1.000000, 1.000000
1.000000, 1.000000, 1.000000, 1.000000
1.000000, 1.003484, 1.000000, 1.000000
1.000000, 1.000000, 1.000000, 1.000000
1.000000, 1.000000, 1.000000, 1.000000
1.017903, 1.017903, 1.000000, 1.000000
1.002959, 1.000000, 1.000000, 1.000000
1.057554, 1.000000, 1.000000, 1.000000
1.000000, 1.000000, 1.000000, 1.000000
1.009877, 1.041975, 1.000000, 1.000000
1.109244, 1.134454, 1.000000, 1.000000
1.006024, 1.000000, 1.000000, 1.000000
1.030812, 1.036415, 1.000000, 1.000000
1.092784, 1.000000, 1.000000, 1.000000
1.082019, 1.097792, 1.000000, 1.000000
1.000000, 1.000000, 1.000000, 1.000000
1.035813, 1.000000, 1.000000, 1.000000
1.000000, 1.000000, 1.000000, 1.000000
1.000000, 1.009091, 1.000000, 1.000000
1.000000, 1.002494, 1.000000, 1.000000
1.038012, 1.000000, 1.000000, 1.000000
1.000000, 1.019802, 1.000000, 1.000000
1.008287, 1.008287, 1.000000, 1.000000
1.000000, 1.000000, 1.000000, 1.000000
1.036723, 1.050847, 1.005650, 1.000000
1.003195, 1.003195, 1.000000, 1.000000
1.000000, 1.000000, 1.000000, 1.000000
1.000000, 1.090604, 1.000000, 1.000000
1.000000, 1.000000, 1.000000, 1.000000
1.000000, 1.003155, 1.000000, 1.000000
1.048148, 1.025926, 1.000000, 1.000000
1.041534, 1.000000, 1.000000, 1.000000
1.000000, 1.000000, 1.000000, 1.000000
1.000000, 1.000000, 1.000000, 1.000000
1.015924, 1.000000, 1.000000, 1.000000
1.000000, 1.000000, 1.000000, 1.000000
1.098485, 1.151515, 1.000000, 1.000000
1.000000, 1.000000, 1.000000, 1.000000
1.006369, 1.000000, 1.000000, 1.003185
1.054201, 1.000000, 1.000000, 1.000000
1.018405, 1.036810, 1.000000, 1.012270
1.000000, 1.000000, 1.000000, 1.000000
1.101266, 1.085443, 1.044304, 1.031646
1.000000, 1.000000, 1.000000, 1.000000
1.000000, 1.000000, 1.000000, 1.000000
1.087774, 1.163009, 1.000000, 1.009404
1.000000, 1.050445, 1.000000, 1.000000
1.000000, 1.000000, 1.000000, 1.000000
1.000000, 1.000000, 1.000000, 1.000000
1.000000, 1.000000, 1.000000, 1.000000
1.000000, 1.000000, 1.000000, 1.000000
1.014970, 1.000000, 1.000000, 1.000000
1.000000, 1.000000, 1.000000, 1.000000
1.068657, 1.011940, 1.014925, 1.000000
1.054745, 1.000000, 1.000000, 1.000000
1.122867, 1.054608, 1.000000, 1.000000
1.000000, 1.000000, 1.000000, 1.000000
1.000000, 1.000000, 1.000000, 1.000000
1.000000, 1.026316, 1.000000, 1.013158
1.094203, 1.025362, 1.000000, 1.000000
1.003731, 1.000000, 1.000000, 1.000000
1.000000, 1.000000, 1.000000, 1.000000
1.000000, 1.000000, 1.000000, 1.000000
1.000000, 1.000000, 1.000000, 1.000000
1.000000, 1.000000, 1.000000, 1.000000
1.000000, 1.011019, 1.000000, 1.000000
1.000000, 1.000000, 1.000000, 1.000000
1.000000, 1.000000, 1.000000, 1.000000
1.000000, 1.030303, 1.000000, 1.000000
1.000000, 1.014035, 1.000000, 1.010526
1.042394, 1.000000, 1.000000, 1.000000
1.000000, 1.112150, 1.000000, 1.000000
1.017903, 1.017903, 1.000000, 1.000000
1.000000, 1.000000, 1.000000, 1.000000
1.000000, 1.000000, 1.000000, 1.000000
1.119205, 1.079470, 1.036424, 1.046358
1.000000, 1.000000, 1.000000, 1.000000
1.000000, 1.029412, 1.000000, 1.000000
1.000000, 1.000000, 1.000000, 1.000000
1.000000, 1.000000, 1.000000, 1.000000
1.017192, 1.000000, 1.000000, 1.000000
1.000000, 1.000000, 1.000000, 1.000000
1.020134, 1.003356, 1.000000, 1.000000
1.000000, 1.000000, 1.000000, 1.000000
1.011142, 1.000000, 1.000000, 1.000000
1.024291, 1.052632, 1.000000, 1.000000
1.000000, 1.000000, 1.000000, 1.000000
1.000000, 1.000000, 1.000000, 1.000000
1.014925, 1.020896, 1.000000, 1.000000
1.060201, 1.123746, 1.000000, 1.000000
1.000000, 1.057576, 1.000000, 1.000000
1.000000, 1.000000, 1.000000, 1.000000
1.023569, 1.020202, 1.000000, 1.000000
1.008772, 1.049708, 1.000000, 1.000000
1.050992, 1.031161, 1.000000, 1.014164
1.000000, 1.063158, 1.000000, 1.000000
1.005450, 1.000000, 1.000000, 1.000000
1.138514, 1.121622, 1.000000, 1.000000
1.000000, 1.000000, 1.000000, 1.000000
1.000000, 1.000000, 1.000000, 1.000000
1.000000, 1.000000, 1.000000, 1.000000
1.000000, 1.000000, 1.000000, 1.000000
1.060510, 1.000000, 1.000000, 1.000000
1.000000, 1.000000, 1.000000, 1.000000
1.000000, 1.000000, 1.000000, 1.000000
1.003289, 1.000000, 1.000000, 1.000000
