random, model, zhao2020, ilp
1.000000, 1.031073, 1.000000, 1.000000
1.088319, 1.000000, 1.000000, 1.000000
1.087432, 1.000000, 1.000000, 1.000000
1.000000, 1.000000, 1.000000, 1.000000
1.000000, 1.043321, 1.000000, 1.000000
1.000000, 1.020725, 1.000000, 1.000000
1.210863, 1.175719, 1.000000, 1.000000
1.000000, 1.000000, 1.000000, 1.000000
1.000000, 1.000000, 1.000000, 1.000000
1.000000, 1.000000, 1.000000, 1.000000
1.000000, 1.000000, 1.000000, 1.000000
1.000000, 1.014793, 1.000000, 1.000000
1.000000, 1.000000, 1.000000, 1.000000
1.000000, 1.000000, 1.000000, 1.000000
1.002439, 1.097561, 1.000000, 1.000000
1.000000, 1.000000, 1.000000, 1.000000
1.032345, 1.000000, 1.000000, 1.000000
1.000000, 1.000000, 1.000000, 1.000000
1.000000, 1.000000, 1.000000, 1.000000
1.000000, 1.000000, 1.000000, 1.000000
1.002801, 1.033613, 1.000000, 1.000000
1.000000, 1.000000, 1.000000, 1.000000
1.000000, 1.000000, 1.000000, 1.000000
1.000000, 1.000000, 1.000000, 1.000000
1.000000, 1.008086, 1.000000, 1.000000
1.111111, 1.226337, 1.057613, 1.037037
1.000000, 1.000000, 1.000000, 1.000000
1.051111, 1.044444, 1.000000, 1.000000
1.000000, 1.000000, 1.000000, 1.000000
1.000000, 1.000000, 1.000000, 1.000000
1.000000, 1.000000, 1.000000, 1.000000
1.000000, 1.000000, 1.000000, 1.000000
1.024691, 1.185185, 1.000000, 1.000000
1.098214, 1.122024, 1.000000, 1.000000
1.000000, 1.000000, 1.000000, 1.000000
1.079156, 1.089710, 1.000000, 1.000000
1.000000, 1.000000, 1.000000, 1.000000
1.000000, 1.033784, 1.000000, 1.000000
1.000000, 1.000000, 1.000000, 1.000000
1.041534, 1.089457, 1.000000, 1.000000
1.000000, 1.000000, 1.000000, 1.000000
1.000000, 1.000000, 1.000000, 1.000000
1.000000, 1.007444, 1.000000, 1.000000
1.000000, 1.000000, 1.000000, 1.000000
1.012618, 1.000000, 1.000000, 1.000000
1.000000, 1.000000, 1.000000, 1.000000
1.094675, 1.017751, 1.000000, 1.017751
1.000000, 1.000000, 1.000000, 1.000000
1.000000, 1.000000, 1.000000, 1.000000
1.000000, 1.022222, 1.000000, 1.000000
1.000000, 1.000000, 1.000000, 1.000000
1.000000, 1.000000, 1.000000, 1.000000
1.000000, 1.042345, 1.000000, 1.000000
1.000000, 1.000000, 1.000000, 1.000000
1.000000, 1.000000, 1.000000, 1.000000
1.000000, 1.012255, 1.000000, 1.000000
1.182119, 1.231788, 1.016556, 1.009934
1.000000, 1.000000, 1.000000, 1.000000
1.000000, 1.000000, 1.000000, 1.000000
1.000000, 1.000000, 1.000000, 1.000000
1.000000, 1.000000, 1.000000, 1.000000
1.138667, 1.090667, 1.000000, 1.000000
1.025404, 1.000000, 1.000000, 1.000000
1.011204, 1.000000, 1.000000, 1.000000
1.000000, 1.000000, 1.000000, 1.000000
1.000000, 1.000000, 1.000000, 1.000000
1.000000, 1.000000, 1.000000, 1.000000
1.000000, 1.041436, 1.000000, 1.000000
1.000000, 1.000000, 1.000000, 1.000000
1.000000, 1.025862, 1.000000, 1.000000
1.000000, 1.000000, 1.000000, 1.000000
1.011029, 1.102941, 1.000000, 1.121324
1.000000, 1.030769, 1.000000, 1.000000
1.000000, 1.000000, 1.000000, 1.000000
1.000000, 1.000000, 1.000000, 1.000000
1.000000, 1.000000, 1.000000, 1.000000
1.040625, 1.000000, 1.000000, 1.000000
1.000000, 1.000000, 1.000000, 1.000000
1.000000, 1.041322, 1.000000, 1.000000
1.000000, 1.000000, 1.000000, 1.000000
1.000000, 1.000000, 1.000000, 1.000000
1.312000, 1.292000, 1.000000, 1.000000
1.000000, 1.029973, 1.000000, 1.002725
1.000000, 1.000000, 1.000000, 1.000000
1.000000, 1.000000, 1.000000, 1.000000
1.029900, 1.000000, 1.000000, 1.000000
1.000000, 1.000000, 1.000000, 1.000000
1.165730, 1.199438, 1.000000, 1.000000
1.000000, 1.000000, 1.000000, 1.000000
1.128931, 1.113208, 1.000000, 1.000000
1.000000, 1.000000, 1.000000, 1.000000
1.000000, 1.000000, 1.000000, 1.000000
1.000000, 1.000000, 1.000000, 1.000000
1.000000, 1.000000, 1.000000, 1.000000
1.000000, 1.074766, 1.000000, 1.015576
1.000000, 1.000000, 1.000000, 1.000000
1.000000, 1.031339, 1.000000, 1.000000
1.000000, 1.000000, 1.000000, 1.000000
1.000000, 1.000000, 1.000000, 1.000000
1.000000, 1.002725, 1.000000, 1.000000
1.064897, 1.064897, 1.000000, 1.000000
1.000000, 1.071942, 1.000000, 1.000000
1.000000, 1.000000, 1.000000, 1.000000
1.000000, 1.000000, 1.000000, 1.000000
1.000000, 1.000000, 1.000000, 1.000000
1.000000, 1.000000, 1.000000, 1.000000
1.000000, 1.000000, 1.000000, 1.000000
1.000000, 1.000000, 1.000000, 1.000000
1.000000, 1.000000, 1.000000, 1.000000
1.057637, 1.112392, 1.000000, 1.000000
1.062500, 1.000000, 1.000000, 1.000000
1.000000, 1.052632, 1.000000, 1.000000
1.014652, 1.021978, 1.000000, 1.000000
1.000000, 1.000000, 1.000000, 1.000000
1.000000, 1.000000, 1.000000, 1.000000
1.000000, 1.031100, 1.000000, 1.000000
1.000000, 1.000000, 1.000000, 1.000000
1.000000, 1.000000, 1.000000, 1.000000
1.000000, 1.000000, 1.000000, 1.000000
1.000000, 1.000000, 1.000000, 1.000000
1.000000, 1.000000, 1.000000, 1.000000
1.000000, 1.000000, 1.000000, 1.000000
1.000000, 1.000000, 1.000000, 1.000000
1.000000, 1.000000, 1.000000, 1.000000
1.000000, 1.000000, 1.000000, 1.000000
1.000000, 1.012012, 1.000000, 1.000000
1.000000, 1.000000, 1.000000, 1.000000
1.000000, 1.000000, 1.000000, 1.000000
1.000000, 1.000000, 1.000000, 1.000000
1.000000, 1.000000, 1.000000, 1.000000
1.000000, 1.000000, 1.000000, 1.000000
1.000000, 1.014368, 1.011494, 1.000000
1.000000, 1.000000, 1.000000, 1.000000
1.000000, 1.000000, 1.000000, 1.000000
1.110759, 1.082278, 1.022152, 1.022152
1.000000, 1.000000, 1.000000, 1.000000
1.000000, 1.000000, 1.000000, 1.000000
1.000000, 1.000000, 1.000000, 1.000000
1.072052, 1.015284, 1.000000, 1.000000
1.039039, 1.024024, 1.000000, 1.000000
1.000000, 1.000000, 1.000000, 1.000000
1.000000, 1.000000, 1.000000, 1.000000
1.000000, 1.000000, 1.000000, 1.000000
1.000000, 1.000000, 1.000000, 1.000000
1.000000, 1.034483, 1.000000, 1.000000
1.000000, 1.000000, 1.000000, 1.000000
1.000000, 1.078512, 1.000000, 1.000000
1.000000, 1.000000, 1.000000, 1.000000
1.000000, 1.000000, 1.000000, 1.000000
1.000000, 1.000000, 1.000000, 1.000000
1.000000, 1.000000, 1.000000, 1.000000
1.000000, 1.000000, 1.000000, 1.000000
1.123675, 1.070671, 1.000000, 1.000000
1.009245, 1.024653, 1.000000, 1.000000
1.000000, 1.000000, 1.000000, 1.000000
1.000000, 1.000000, 1.000000, 1.000000
1.000000, 1.000000, 1.000000, 1.000000
1.000000, 1.000000, 1.000000, 1.000000
1.200581, 1.148256, 1.000000, 1.000000
1.137931, 1.166667, 1.000000, 1.000000
1.000000, 1.032663, 1.000000, 1.000000
1.019608, 1.019608, 1.000000, 1.000000
1.000000, 1.050000, 1.000000, 1.000000
1.000000, 1.000000, 1.000000, 1.000000
1.034483, 1.031830, 1.000000, 1.000000
1.000000, 1.000000, 1.000000, 1.000000
1.017668, 1.116608, 1.000000, 1.000000
1.000000, 1.000000, 1.000000, 1.000000
1.000000, 1.000000, 1.000000, 1.000000
1.000000, 1.000000, 1.000000, 1.000000
1.000000, 1.000000, 1.000000, 1.000000
1.078283, 1.000000, 1.000000, 1.000000
1.000000, 1.000000, 1.000000, 1.000000
1.118750, 1.068750, 1.000000, 1.000000
1.046440, 1.058824, 1.000000, 1.000000
1.000000, 1.000000, 1.000000, 1.000000
1.000000, 1.000000, 1.000000, 1.000000
1.000000, 1.000000, 1.000000, 1.000000
1.000000, 1.000000, 1.000000, 1.000000
1.000000, 1.000000, 1.000000, 1.000000
1.000000, 1.000000, 1.000000, 1.000000
1.000000, 1.000000, 1.000000, 1.000000
1.000000, 1.036474, 1.000000, 1.000000
1.000000, 1.035264, 1.000000, 1.000000
1.076720, 1.050265, 1.000000, 1.000000
1.100877, 1.078947, 1.000000, 1.000000
1.000000, 1.000000, 1.000000, 1.000000
1.000000, 1.000000, 1.000000, 1.000000
1.088146, 1.015198, 1.000000, 1.000000
1.000000, 1.000000, 1.000000, 1.000000
1.000000, 1.000000, 1.000000, 1.000000
1.000000, 1.000000, 1.000000, 1.000000
1.000000, 1.000000, 1.000000, 1.000000
1.044521, 1.000000, 1.000000, 1.000000
1.000000, 1.000000, 1.000000, 1.000000
1.000000, 1.000000, 1.000000, 1.000000
1.060209, 1.000000, 1.000000, 1.000000
1.000000, 1.000000, 1.000000, 1.000000
1.154639, 1.154639, 1.068729, 1.068729
1.000000, 1.002625, 1.000000, 1.000000
1.000000, 1.000000, 1.000000, 1.000000
1.000000, 1.020979, 1.000000, 1.000000
1.000000, 1.087379, 1.000000, 1.000000
1.000000, 1.000000, 1.000000, 1.000000
1.000000, 1.000000, 1.000000, 1.000000
1.000000, 1.000000, 1.000000, 1.000000
1.000000, 1.000000, 1.000000, 1.000000
1.034946, 1.000000, 1.000000, 1.000000
1.000000, 1.000000, 1.000000, 1.000000
1.000000, 1.000000, 1.000000, 1.000000
1.000000, 1.000000, 1.000000, 1.000000
1.072848, 1.072848, 1.000000, 1.000000
1.000000, 1.000000, 1.000000, 1.000000
1.035461, 1.085106, 1.000000, 1.000000
1.000000, 1.000000, 1.000000, 1.000000
1.000000, 1.000000, 1.000000, 1.000000
1.000000, 1.007752, 1.000000, 1.000000
1.000000, 1.000000, 1.000000, 1.000000
1.000000, 1.000000, 1.000000, 1.000000
1.000000, 1.097087, 1.000000, 1.000000
1.000000, 1.000000, 1.000000, 1.000000
1.000000, 1.000000, 1.000000, 1.000000
1.000000, 1.000000, 1.000000, 1.000000
1.000000, 1.000000, 1.000000, 1.000000
1.000000, 1.000000, 1.000000, 1.000000
1.000000, 1.000000, 1.000000, 1.000000
1.000000, 1.000000, 1.000000, 1.000000
1.000000, 1.000000, 1.000000, 1.000000
1.000000, 1.000000, 1.000000, 1.000000
1.027273, 1.054545, 1.000000, 1.009091
1.038251, 1.010929, 1.000000, 1.000000
1.000000, 1.079365, 1.000000, 1.000000
1.000000, 1.000000, 1.000000, 1.000000
1.000000, 1.000000, 1.000000, 1.000000
1.000000, 1.000000, 1.000000, 1.000000
1.000000, 1.000000, 1.000000, 1.000000
1.000000, 1.000000, 1.000000, 1.000000
1.000000, 1.000000, 1.000000, 1.000000
1.000000, 1.000000, 1.000000, 1.000000
1.181507, 1.051370, 1.000000, 1.000000
1.000000, 1.039634, 1.000000, 1.000000
1.002874, 1.068966, 1.000000, 1.000000
1.000000, 1.000000, 1.000000, 1.000000
1.000000, 1.000000, 1.000000, 1.000000
1.000000, 1.000000, 1.000000, 1.000000
1.074586, 1.024862, 1.000000, 1.000000
1.000000, 1.000000, 1.000000, 1.000000
1.000000, 1.000000, 1.000000, 1.000000
1.028846, 1.093750, 1.000000, 1.000000
1.000000, 1.000000, 1.000000, 1.000000
1.000000, 1.000000, 1.000000, 1.000000
1.000000, 1.000000, 1.000000, 1.000000
1.138138, 1.141141, 1.000000, 1.000000
1.000000, 1.000000, 1.000000, 1.000000
1.000000, 1.000000, 1.000000, 1.000000
1.023364, 1.023364, 1.000000, 1.000000
1.000000, 1.000000, 1.000000, 1.000000
1.030120, 1.000000, 1.000000, 1.000000
1.000000, 1.000000, 1.000000, 1.000000
1.000000, 1.000000, 1.000000, 1.000000
1.010753, 1.000000, 1.000000, 1.000000
1.051873, 1.000000, 1.000000, 1.000000
1.000000, 1.000000, 1.000000, 1.000000
1.000000, 1.000000, 1.000000, 1.000000
1.015717, 1.000000, 1.000000, 1.000000
1.000000, 1.000000, 1.000000, 1.000000
1.000000, 1.000000, 1.000000, 1.000000
1.067332, 1.000000, 1.000000, 1.000000
1.000000, 1.041009, 1.000000, 1.000000
1.000000, 1.124161, 1.000000, 1.000000
1.036545, 1.093023, 1.006645, 1.000000
1.000000, 1.000000, 1.000000, 1.000000
1.000000, 1.000000, 1.000000, 1.000000
1.043344, 1.052632, 1.027864, 1.000000
1.000000, 1.000000, 1.000000, 1.000000
1.000000, 1.000000, 1.000000, 1.000000
1.000000, 1.018868, 1.000000, 1.000000
1.013201, 1.059406, 1.049505, 1.049505
1.058462, 1.000000, 1.000000, 1.000000
1.105991, 1.087558, 1.000000, 1.000000
1.000000, 1.000000, 1.000000, 1.000000
1.000000, 1.000000, 1.000000, 1.000000
1.000000, 1.000000, 1.000000, 1.000000
1.051724, 1.000000, 1.000000, 1.000000
1.000000, 1.031579, 1.000000, 1.000000
1.000000, 1.000000, 1.000000, 1.000000
1.000000, 1.000000, 1.000000, 1.000000
1.000000, 1.070822, 1.000000, 1.000000
1.000000, 1.000000, 1.000000, 1.000000
1.041958, 1.000000, 1.000000, 1.000000
1.000000, 1.000000, 1.000000, 1.000000
1.000000, 1.000000, 1.000000, 1.000000
1.000000, 1.000000, 1.000000, 1.000000
1.000000, 1.000000, 1.000000, 1.000000
1.066798, 1.049116, 1.000000, 1.000000
1.000000, 1.000000, 1.000000, 1.000000
1.000000, 1.000000, 1.000000, 1.000000
1.000000, 1.002841, 1.000000, 1.000000
1.039352, 1.000000, 1.000000, 1.000000
1.000000, 1.000000, 1.000000, 1.000000
1.000000, 1.000000, 1.000000, 1.000000
1.064615, 1.058462, 1.058462, 1.058462
1.000000, 1.000000, 1.000000, 1.000000
1.000000, 1.000000, 1.000000, 1.000000
1.000000, 1.000000, 1.000000, 1.000000
1.000000, 1.000000, 1.000000, 1.000000
1.000000, 1.000000, 1.000000, 1.000000
1.007732, 1.012887, 1.000000, 1.000000
1.000000, 1.079019, 1.000000, 1.000000
1.013550, 1.000000, 1.000000, 1.000000
1.000000, 1.006920, 1.000000, 1.000000
1.000000, 1.000000, 1.000000, 1.000000
1.000000, 1.000000, 1.000000, 1.000000
1.000000, 1.059016, 1.009836, 1.000000
1.000000, 1.000000, 1.000000, 1.000000
1.000000, 1.000000, 1.000000, 1.000000
1.000000, 1.014528, 1.000000, 1.000000
1.000000, 1.000000, 1.000000, 1.000000
1.000000, 1.000000, 1.000000, 1.000000
1.000000, 1.000000, 1.000000, 1.000000
1.143312, 1.136943, 1.000000, 1.000000
1.000000, 1.000000, 1.000000, 1.000000
1.000000, 1.000000, 1.000000, 1.000000
1.000000, 1.000000, 1.000000, 1.000000
1.000000, 1.000000, 1.000000, 1.000000
1.000000, 1.000000, 1.000000, 1.000000
1.000000, 1.000000, 1.000000, 1.000000
1.000000, 1.053628, 1.000000, 1.000000
1.000000, 1.000000, 1.000000, 1.000000
1.000000, 1.002941, 1.000000, 1.000000
1.000000, 1.000000, 1.000000, 1.000000
1.000000, 1.000000, 1.000000, 1.000000
1.037037, 1.124339, 1.000000, 1.000000
1.000000, 1.000000, 1.000000, 1.000000
1.125945, 1.093199, 1.000000, 1.000000
1.000000, 1.000000, 1.000000, 1.000000
1.000000, 1.000000, 1.000000, 1.000000
1.000000, 1.015823, 1.000000, 1.000000
1.015432, 1.015432, 1.000000, 1.015432
1.000000, 1.018617, 1.000000, 1.000000
1.000000, 1.000000, 1.000000, 1.000000
1.021739, 1.000000, 1.000000, 1.000000
1.000000, 1.054913, 1.000000, 1.000000
1.003135, 1.112853, 1.000000, 1.000000
1.000000, 1.000000, 1.000000, 1.000000
1.119355, 1.119355, 1.000000, 1.000000
1.000000, 1.000000, 1.000000, 1.000000
1.000000, 1.000000, 1.000000, 1.000000
1.000000, 1.000000, 1.000000, 1.000000
1.077181, 1.036913, 1.000000, 1.000000
1.005464, 1.073770, 1.000000, 1.000000
1.103679, 1.107023, 1.000000, 1.103679
1.043147, 1.043147, 1.000000, 1.000000
1.000000, 1.000000, 1.000000, 1.000000
1.000000, 1.014118, 1.000000, 1.014118
1.000000, 1.000000, 1.000000, 1.000000
1.000000, 1.000000, 1.000000, 1.000000
1.000000, 1.000000, 1.000000, 1.000000
1.008671, 1.026012, 1.000000, 1.000000
1.182320, 1.143646, 1.000000, 1.000000
1.000000, 1.000000, 1.000000, 1.000000
1.000000, 1.000000, 1.000000, 1.000000
1.063218, 1.091954, 1.000000, 1.000000
1.000000, 1.000000, 1.000000, 1.000000
1.000000, 1.000000, 1.000000, 1.000000
1.002725, 1.000000, 1.000000, 1.000000
1.047619, 1.000000, 1.000000, 1.000000
1.007177, 1.000000, 1.000000, 1.000000
1.056657, 1.000000, 1.000000, 1.000000
1.000000, 1.000000, 1.000000, 1.000000
1.000000, 1.021845, 1.000000, 1.000000
1.083333, 1.113636, 1.000000, 1.000000
1.000000, 1.032110, 1.000000, 1.000000
1.123919, 1.020173, 1.002882, 1.000000
1.002857, 1.000000, 1.000000, 1.037143
1.027875, 1.027875, 1.027875, 1.000000
1.000000, 1.000000, 1.000000, 1.000000
1.029326, 1.041056, 1.000000, 1.000000
1.000000, 1.000000, 1.000000, 1.000000
1.000000, 1.000000, 1.000000, 1.000000
1.053333, 1.053333, 1.000000, 1.000000
1.000000, 1.000000, 1.000000, 1.000000
1.000000, 1.000000, 1.000000, 1.000000
1.000000, 1.000000, 1.000000, 1.000000
1.000000, 1.014577, 1.014577, 1.000000
1.008174, 1.008174, 1.000000, 1.000000
1.000000, 1.000000, 1.000000, 1.000000
1.000000, 1.000000, 1.000000, 1.000000
1.000000, 1.000000, 1.000000, 1.000000
1.062162, 1.067568, 1.013514, 1.016216
1.000000, 1.055046, 1.000000, 1.000000
1.000000, 1.000000, 1.000000, 1.000000
1.000000, 1.000000, 1.000000, 1.000000
1.000000, 1.000000, 1.000000, 1.000000
1.019608, 1.019608, 1.000000, 1.000000
1.089655, 1.113793, 1.000000, 1.000000
1.000000, 1.000000, 1.000000, 1.000000
1.000000, 1.000000, 1.000000, 1.000000
1.000000, 1.011962, 1.000000, 1.000000
1.000000, 1.000000, 1.000000, 1.000000
