random, model, zhao2020, ilp
1.000000, 1.000000, 1.000000, 1.000000
1.000000, 1.088319, 1.000000, 1.000000
1.000000, 1.000000, 1.000000, 1.000000
1.000000, 1.000000, 1.000000, 1.000000
1.000000, 1.043321, 1.000000, 1.000000
1.000000, 1.020725, 1.000000, 1.000000
1.000000, 1.175719, 1.000000, 1.000000
1.000000, 1.000000, 1.000000, 1.000000
1.000000, 1.114068, 1.000000, 1.000000
1.000000, 1.000000, 1.000000, 1.000000
1.000000, 1.000000, 1.000000, 1.000000
1.000000, 1.014793, 1.000000, 1.000000
1.000000, 1.000000, 1.000000, 1.000000
1.000000, 1.000000, 1.000000, 1.000000
1.000000, 1.097561, 1.000000, 1.000000
1.000000, 1.000000, 1.000000, 1.000000
1.000000, 1.000000, 1.000000, 1.000000
1.000000, 1.000000, 1.000000, 1.000000
1.000000, 1.000000, 1.000000, 1.000000
1.000000, 1.000000, 1.000000, 1.000000
1.033613, 1.000000, 1.000000, 1.000000
1.000000, 1.000000, 1.000000, 1.000000
1.000000, 1.000000, 1.000000, 1.000000
1.000000, 1.000000, 1.000000, 1.000000
1.072776, 1.010782, 1.000000, 1.000000
1.065844, 1.226337, 1.057613, 1.037037
1.000000, 1.000000, 1.000000, 1.000000
1.037778, 1.000000, 1.000000, 1.000000
1.000000, 1.000000, 1.000000, 1.000000
1.000000, 1.000000, 1.000000, 1.000000
1.000000, 1.000000, 1.000000, 1.000000
1.000000, 1.000000, 1.000000, 1.000000
1.000000, 1.015432, 1.000000, 1.000000
1.151786, 1.110119, 1.000000, 1.000000
1.000000, 1.000000, 1.000000, 1.000000
1.000000, 1.089710, 1.000000, 1.000000
1.000000, 1.048780, 1.000000, 1.000000
1.000000, 1.000000, 1.000000, 1.000000
1.000000, 1.000000, 1.000000, 1.000000
1.000000, 1.038339, 1.000000, 1.000000
1.000000, 1.000000, 1.000000, 1.000000
1.000000, 1.000000, 1.000000, 1.000000
1.000000, 1.000000, 1.000000, 1.000000
1.000000, 1.000000, 1.000000, 1.000000
1.000000, 1.000000, 1.000000, 1.000000
1.000000, 1.000000, 1.000000, 1.000000
1.047337, 1.017751, 1.000000, 1.017751
1.000000, 1.000000, 1.000000, 1.000000
1.000000, 1.000000, 1.000000, 1.000000
1.000000, 1.000000, 1.000000, 1.000000
1.000000, 1.000000, 1.000000, 1.000000
1.000000, 1.000000, 1.000000, 1.000000
1.019544, 1.084691, 1.000000, 1.000000
1.000000, 1.000000, 1.000000, 1.000000
1.000000, 1.000000, 1.000000, 1.000000
1.007353, 1.012255, 1.000000, 1.000000
1.231788, 1.195364, 1.016556, 1.009934
1.000000, 1.000000, 1.000000, 1.000000
1.000000, 1.000000, 1.000000, 1.000000
1.000000, 1.000000, 1.000000, 1.000000
1.000000, 1.020115, 1.000000, 1.000000
1.149333, 1.122667, 1.000000, 1.000000
1.000000, 1.000000, 1.000000, 1.000000
1.000000, 1.000000, 1.000000, 1.000000
1.000000, 1.000000, 1.000000, 1.000000
1.032641, 1.000000, 1.000000, 1.000000
1.000000, 1.000000, 1.000000, 1.000000
1.000000, 1.000000, 1.000000, 1.000000
1.000000, 1.000000, 1.000000, 1.000000
1.017241, 1.169540, 1.000000, 1.000000
1.000000, 1.000000, 1.000000, 1.000000
1.132353, 1.113971, 1.000000, 1.121324
1.000000, 1.000000, 1.000000, 1.000000
1.000000, 1.000000, 1.000000, 1.000000
1.111111, 1.000000, 1.000000, 1.000000
1.000000, 1.000000, 1.000000, 1.000000
1.000000, 1.040625, 1.000000, 1.000000
1.000000, 1.000000, 1.000000, 1.000000
1.000000, 1.000000, 1.000000, 1.000000
1.000000, 1.000000, 1.000000, 1.000000
1.000000, 1.000000, 1.000000, 1.000000
1.240000, 1.252000, 1.000000, 1.000000
1.002725, 1.029973, 1.000000, 1.002725
1.000000, 1.000000, 1.000000, 1.000000
1.000000, 1.000000, 1.000000, 1.000000
1.029900, 1.029900, 1.000000, 1.000000
1.000000, 1.000000, 1.000000, 1.000000
1.109551, 1.199438, 1.000000, 1.000000
1.000000, 1.000000, 1.000000, 1.000000
1.119497, 1.097484, 1.000000, 1.000000
1.061224, 1.000000, 1.000000, 1.000000
1.000000, 1.000000, 1.000000, 1.000000
1.000000, 1.000000, 1.000000, 1.000000
1.000000, 1.000000, 1.000000, 1.000000
1.046729, 1.074766, 1.000000, 1.015576
1.000000, 1.000000, 1.000000, 1.000000
1.000000, 1.031339, 1.000000, 1.000000
1.000000, 1.000000, 1.000000, 1.000000
1.000000, 1.000000, 1.000000, 1.000000
1.000000, 1.000000, 1.000000, 1.000000
1.000000, 1.002950, 1.000000, 1.000000
1.133094, 1.000000, 1.000000, 1.000000
1.000000, 1.000000, 1.000000, 1.000000
1.000000, 1.000000, 1.000000, 1.000000
1.000000, 1.009877, 1.000000, 1.000000
1.000000, 1.000000, 1.000000, 1.000000
1.000000, 1.000000, 1.000000, 1.000000
1.000000, 1.000000, 1.000000, 1.000000
1.000000, 1.000000, 1.000000, 1.000000
1.063401, 1.046110, 1.000000, 1.000000
1.000000, 1.000000, 1.000000, 1.000000
1.000000, 1.052632, 1.000000, 1.000000
1.000000, 1.000000, 1.000000, 1.000000
1.007018, 1.000000, 1.000000, 1.000000
1.000000, 1.000000, 1.000000, 1.000000
1.000000, 1.000000, 1.000000, 1.000000
1.000000, 1.000000, 1.000000, 1.000000
1.000000, 1.000000, 1.000000, 1.000000
1.000000, 1.000000, 1.000000, 1.000000
1.000000, 1.000000, 1.000000, 1.000000
1.000000, 1.000000, 1.000000, 1.000000
1.000000, 1.000000, 1.000000, 1.000000
1.000000, 1.000000, 1.000000, 1.000000
1.000000, 1.000000, 1.000000, 1.000000
1.000000, 1.000000, 1.000000, 1.000000
1.012012, 1.003003, 1.000000, 1.000000
1.000000, 1.000000, 1.000000, 1.000000
1.000000, 1.000000, 1.000000, 1.000000
1.000000, 1.000000, 1.000000, 1.000000
1.000000, 1.000000, 1.000000, 1.000000
1.000000, 1.000000, 1.000000, 1.000000
1.011494, 1.000000, 1.011494, 1.000000
1.000000, 1.000000, 1.000000, 1.000000
1.000000, 1.000000, 1.000000, 1.000000
1.031646, 1.088608, 1.022152, 1.022152
1.000000, 1.000000, 1.000000, 1.000000
1.000000, 1.000000, 1.000000, 1.000000
1.000000, 1.000000, 1.000000, 1.000000
1.000000, 1.082969, 1.000000, 1.000000
1.000000, 1.000000, 1.000000, 1.000000
1.000000, 1.000000, 1.000000, 1.000000
1.000000, 1.000000, 1.000000, 1.000000
1.000000, 1.000000, 1.000000, 1.000000
1.000000, 1.000000, 1.000000, 1.000000
1.000000, 1.045093, 1.000000, 1.000000
1.000000, 1.000000, 1.000000, 1.000000
1.000000, 1.078512, 1.000000, 1.000000
1.000000, 1.000000, 1.000000, 1.000000
1.000000, 1.000000, 1.000000, 1.000000
1.000000, 1.008310, 1.000000, 1.000000
1.031579, 1.000000, 1.000000, 1.000000
1.041543, 1.000000, 1.000000, 1.000000
1.102473, 1.233216, 1.000000, 1.000000
1.000000, 1.000000, 1.000000, 1.000000
1.000000, 1.000000, 1.000000, 1.000000
1.000000, 1.000000, 1.000000, 1.000000
1.000000, 1.000000, 1.000000, 1.000000
1.000000, 1.000000, 1.000000, 1.000000
1.186047, 1.127907, 1.000000, 1.000000
1.146552, 1.155172, 1.000000, 1.000000
1.032663, 1.000000, 1.000000, 1.000000
1.000000, 1.019608, 1.000000, 1.000000
1.027778, 1.088889, 1.000000, 1.000000
1.000000, 1.000000, 1.000000, 1.000000
1.034483, 1.037135, 1.000000, 1.000000
1.000000, 1.000000, 1.000000, 1.000000
1.000000, 1.116608, 1.000000, 1.000000
1.029650, 1.000000, 1.000000, 1.000000
1.000000, 1.000000, 1.000000, 1.000000
1.000000, 1.000000, 1.000000, 1.000000
1.000000, 1.000000, 1.000000, 1.000000
1.000000, 1.015152, 1.000000, 1.000000
1.000000, 1.000000, 1.000000, 1.000000
1.071875, 1.087500, 1.000000, 1.000000
1.058824, 1.114551, 1.000000, 1.000000
1.000000, 1.000000, 1.000000, 1.000000
1.000000, 1.000000, 1.000000, 1.000000
1.000000, 1.000000, 1.000000, 1.000000
1.000000, 1.000000, 1.000000, 1.000000
1.000000, 1.000000, 1.000000, 1.000000
1.000000, 1.000000, 1.000000, 1.000000
1.000000, 1.000000, 1.000000, 1.000000
1.000000, 1.021277, 1.000000, 1.000000
1.002519, 1.035264, 1.000000, 1.000000
1.013228, 1.068783, 1.000000, 1.000000
1.320175, 1.250000, 1.000000, 1.000000
1.000000, 1.000000, 1.000000, 1.000000
1.000000, 1.000000, 1.000000, 1.000000
1.000000, 1.015198, 1.000000, 1.000000
1.035088, 1.000000, 1.000000, 1.000000
1.000000, 1.000000, 1.000000, 1.000000
1.000000, 1.000000, 1.000000, 1.000000
1.000000, 1.000000, 1.000000, 1.000000
1.000000, 1.000000, 1.000000, 1.000000
1.000000, 1.000000, 1.000000, 1.000000
1.000000, 1.004843, 1.000000, 1.000000
1.018325, 1.000000, 1.000000, 1.000000
1.000000, 1.000000, 1.000000, 1.000000
1.192440, 1.192440, 1.068729, 1.068729
1.000000, 1.000000, 1.000000, 1.000000
1.000000, 1.000000, 1.000000, 1.000000
1.020979, 1.000000, 1.000000, 1.000000
1.061489, 1.000000, 1.000000, 1.000000
1.005089, 1.000000, 1.000000, 1.000000
1.000000, 1.000000, 1.000000, 1.000000
1.000000, 1.000000, 1.000000, 1.000000
1.000000, 1.000000, 1.000000, 1.000000
1.043011, 1.005376, 1.000000, 1.000000
1.000000, 1.000000, 1.000000, 1.000000
1.000000, 1.000000, 1.000000, 1.000000
1.000000, 1.000000, 1.000000, 1.000000
1.072848, 1.129139, 1.000000, 1.000000
1.000000, 1.000000, 1.000000, 1.000000
1.035461, 1.159574, 1.000000, 1.000000
1.000000, 1.000000, 1.000000, 1.000000
1.000000, 1.000000, 1.000000, 1.000000
1.000000, 1.007752, 1.000000, 1.000000
1.000000, 1.000000, 1.000000, 1.000000
1.000000, 1.000000, 1.000000, 1.000000
1.097087, 1.000000, 1.000000, 1.000000
1.036176, 1.036176, 1.000000, 1.000000
1.000000, 1.006536, 1.000000, 1.000000
1.000000, 1.000000, 1.000000, 1.000000
1.000000, 1.000000, 1.000000, 1.000000
1.000000, 1.000000, 1.000000, 1.000000
1.000000, 1.000000, 1.000000, 1.000000
1.000000, 1.000000, 1.000000, 1.000000
1.000000, 1.000000, 1.000000, 1.000000
1.000000, 1.000000, 1.000000, 1.000000
1.009091, 1.054545, 1.000000, 1.009091
1.038251, 1.101093, 1.000000, 1.000000
1.003175, 1.079365, 1.000000, 1.000000
1.000000, 1.000000, 1.000000, 1.000000
1.000000, 1.000000, 1.000000, 1.000000
1.000000, 1.000000, 1.000000, 1.000000
1.000000, 1.000000, 1.000000, 1.000000
1.000000, 1.000000, 1.000000, 1.000000
1.000000, 1.000000, 1.000000, 1.000000
1.000000, 1.000000, 1.000000, 1.000000
1.051370, 1.051370, 1.000000, 1.000000
1.000000, 1.039634, 1.000000, 1.000000
1.057471, 1.028736, 1.000000, 1.000000
1.000000, 1.000000, 1.000000, 1.000000
1.000000, 1.000000, 1.000000, 1.000000
1.018868, 1.094340, 1.000000, 1.000000
1.074586, 1.000000, 1.000000, 1.000000
1.000000, 1.000000, 1.000000, 1.000000
1.000000, 1.000000, 1.000000, 1.000000
1.036058, 1.093750, 1.000000, 1.000000
1.057915, 1.069498, 1.000000, 1.000000
1.000000, 1.000000, 1.000000, 1.000000
1.000000, 1.000000, 1.000000, 1.000000
1.045045, 1.000000, 1.000000, 1.000000
1.000000, 1.000000, 1.000000, 1.000000
1.000000, 1.000000, 1.000000, 1.000000
1.023364, 1.023364, 1.000000, 1.000000
1.098160, 1.000000, 1.000000, 1.000000
1.000000, 1.030120, 1.000000, 1.000000
1.000000, 1.000000, 1.000000, 1.000000
1.000000, 1.000000, 1.000000, 1.000000
1.000000, 1.000000, 1.000000, 1.000000
1.000000, 1.017291, 1.000000, 1.000000
1.000000, 1.000000, 1.000000, 1.000000
1.000000, 1.000000, 1.000000, 1.000000
1.000000, 1.000000, 1.000000, 1.000000
1.000000, 1.000000, 1.000000, 1.000000
1.000000, 1.000000, 1.000000, 1.000000
1.000000, 1.034913, 1.000000, 1.000000
1.047319, 1.012618, 1.000000, 1.000000
1.000000, 1.124161, 1.000000, 1.000000
1.053156, 1.093023, 1.006645, 1.000000
1.000000, 1.000000, 1.000000, 1.000000
1.000000, 1.009404, 1.000000, 1.000000
1.049536, 1.037152, 1.027864, 1.000000
1.000000, 1.000000, 1.000000, 1.000000
1.000000, 1.000000, 1.000000, 1.000000
1.045822, 1.000000, 1.000000, 1.000000
1.000000, 1.102310, 1.049505, 1.049505
1.000000, 1.052308, 1.000000, 1.000000
1.000000, 1.039171, 1.000000, 1.000000
1.000000, 1.000000, 1.000000, 1.000000
1.002625, 1.000000, 1.000000, 1.000000
1.000000, 1.000000, 1.000000, 1.000000
1.000000, 1.051724, 1.000000, 1.000000
1.000000, 1.000000, 1.000000, 1.000000
1.000000, 1.000000, 1.000000, 1.000000
1.000000, 1.000000, 1.000000, 1.000000
1.022663, 1.087819, 1.000000, 1.000000
1.000000, 1.000000, 1.000000, 1.000000
1.000000, 1.000000, 1.000000, 1.000000
1.000000, 1.000000, 1.000000, 1.000000
1.000000, 1.000000, 1.000000, 1.000000
1.000000, 1.000000, 1.000000, 1.000000
1.000000, 1.000000, 1.000000, 1.000000
1.009823, 1.021611, 1.000000, 1.000000
1.000000, 1.000000, 1.000000, 1.000000
1.000000, 1.000000, 1.000000, 1.000000
1.122159, 1.119318, 1.000000, 1.000000
1.000000, 1.000000, 1.000000, 1.000000
1.000000, 1.000000, 1.000000, 1.000000
1.000000, 1.000000, 1.000000, 1.000000
1.058462, 1.058462, 1.058462, 1.058462
1.000000, 1.000000, 1.000000, 1.000000
1.000000, 1.000000, 1.000000, 1.000000
1.000000, 1.000000, 1.000000, 1.000000
1.000000, 1.000000, 1.000000, 1.000000
1.000000, 1.000000, 1.000000, 1.000000
1.007732, 1.012887, 1.000000, 1.000000
1.000000, 1.079019, 1.000000, 1.000000
1.013550, 1.013550, 1.000000, 1.000000
1.006920, 1.006920, 1.000000, 1.000000
1.000000, 1.000000, 1.000000, 1.000000
1.000000, 1.000000, 1.000000, 1.000000
1.072131, 1.059016, 1.009836, 1.000000
1.000000, 1.000000, 1.000000, 1.000000
1.000000, 1.000000, 1.000000, 1.000000
1.000000, 1.000000, 1.000000, 1.000000
1.028351, 1.000000, 1.000000, 1.000000
1.000000, 1.000000, 1.000000, 1.000000
1.000000, 1.000000, 1.000000, 1.000000
1.047771, 1.089172, 1.000000, 1.000000
1.000000, 1.000000, 1.000000, 1.000000
1.000000, 1.000000, 1.000000, 1.000000
1.000000, 1.000000, 1.000000, 1.000000
1.000000, 1.000000, 1.000000, 1.000000
1.000000, 1.000000, 1.000000, 1.000000
1.000000, 1.000000, 1.000000, 1.000000
1.000000, 1.056782, 1.000000, 1.000000
1.000000, 1.052117, 1.000000, 1.000000
1.000000, 1.014706, 1.000000, 1.000000
1.000000, 1.000000, 1.000000, 1.000000
1.000000, 1.000000, 1.000000, 1.000000
1.087302, 1.000000, 1.000000, 1.000000
1.000000, 1.000000, 1.000000, 1.000000
1.000000, 1.000000, 1.000000, 1.000000
1.000000, 1.000000, 1.000000, 1.000000
1.000000, 1.000000, 1.000000, 1.000000
1.000000, 1.028481, 1.000000, 1.000000
1.000000, 1.015432, 1.000000, 1.015432
1.037234, 1.000000, 1.000000, 1.000000
1.000000, 1.000000, 1.000000, 1.000000
1.000000, 1.000000, 1.000000, 1.000000
1.000000, 1.023121, 1.000000, 1.000000
1.112853, 1.050157, 1.000000, 1.000000
1.000000, 1.000000, 1.000000, 1.000000
1.051613, 1.100000, 1.000000, 1.000000
1.000000, 1.000000, 1.000000, 1.000000
1.000000, 1.000000, 1.000000, 1.000000
1.000000, 1.000000, 1.000000, 1.000000
1.067114, 1.137584, 1.000000, 1.000000
1.000000, 1.038251, 1.000000, 1.000000
1.066890, 1.123746, 1.000000, 1.103679
1.000000, 1.007614, 1.000000, 1.000000
1.000000, 1.000000, 1.000000, 1.000000
1.014118, 1.014118, 1.000000, 1.014118
1.000000, 1.019178, 1.000000, 1.000000
1.000000, 1.000000, 1.000000, 1.000000
1.000000, 1.000000, 1.000000, 1.000000
1.000000, 1.000000, 1.000000, 1.000000
1.077348, 1.077348, 1.000000, 1.000000
1.000000, 1.000000, 1.000000, 1.000000
1.000000, 1.000000, 1.000000, 1.000000
1.057471, 1.022989, 1.000000, 1.000000
1.000000, 1.000000, 1.000000, 1.000000
1.000000, 1.000000, 1.000000, 1.000000
1.038147, 1.002725, 1.000000, 1.000000
1.000000, 1.051020, 1.000000, 1.000000
1.007177, 1.000000, 1.000000, 1.000000
1.056657, 1.070822, 1.000000, 1.000000
1.000000, 1.000000, 1.000000, 1.000000
1.016990, 1.000000, 1.000000, 1.000000
1.000000, 1.113636, 1.000000, 1.000000
1.000000, 1.032110, 1.000000, 1.000000
1.095101, 1.063401, 1.002882, 1.000000
1.057143, 1.034286, 1.000000, 1.037143
1.059233, 1.000000, 1.027875, 1.000000
1.000000, 1.000000, 1.000000, 1.000000
1.000000, 1.041056, 1.000000, 1.000000
1.000000, 1.000000, 1.000000, 1.000000
1.000000, 1.000000, 1.000000, 1.000000
1.000000, 1.024000, 1.000000, 1.000000
1.005291, 1.005291, 1.000000, 1.000000
1.000000, 1.000000, 1.000000, 1.000000
1.000000, 1.008955, 1.000000, 1.000000
1.014577, 1.000000, 1.014577, 1.000000
1.000000, 1.000000, 1.000000, 1.000000
1.000000, 1.000000, 1.000000, 1.000000
1.000000, 1.000000, 1.000000, 1.000000
1.000000, 1.000000, 1.000000, 1.000000
1.062162, 1.062162, 1.013514, 1.016216
1.000000, 1.061162, 1.000000, 1.000000
1.000000, 1.000000, 1.000000, 1.000000
1.000000, 1.000000, 1.000000, 1.000000
1.000000, 1.000000, 1.000000, 1.000000
1.025210, 1.000000, 1.000000, 1.000000
1.000000, 1.158621, 1.000000, 1.000000
1.000000, 1.000000, 1.000000, 1.000000
1.000000, 1.000000, 1.000000, 1.000000
1.000000, 1.000000, 1.000000, 1.000000
1.000000, 1.000000, 1.000000, 1.000000
