0.966667
1.000000
1.000000
0.966667
1.000000
1.000000
1.000000
1.000000
0.900000
0.900000
1.000000
1.000000
1.000000
1.000000
1.000000
1.000000
1.000000
0.966667
0.933333
1.000000
0.966667
1.000000
0.933333
0.933333
0.966667
1.000000
0.966667
0.966667
1.000000
0.966667
0.833333
1.000000
1.000000
1.000000
0.966667
1.000000
0.966667
1.000000
1.000000
1.000000
0.933333
1.000000
1.000000
1.000000
1.000000
1.000000
1.000000
1.000000
1.000000
0.966667
0.833333
0.966667
1.000000
0.866667
1.000000
0.966667
1.000000
1.000000
0.900000
1.000000
0.933333
1.000000
0.966667
1.000000
0.900000
1.000000
0.966667
1.000000
1.000000
1.000000
1.000000
0.800000
1.000000
0.966667
0.866667
1.000000
1.000000
0.966667
1.000000
0.966667
0.966667
1.000000
1.000000
0.900000
0.933333
0.966667
1.000000
1.000000
0.966667
1.000000
1.000000
1.000000
1.000000
0.966667
0.833333
1.000000
1.000000
1.000000
1.000000
1.000000
1.000000
1.000000
1.000000
1.000000
1.000000
1.000000
1.000000
1.000000
1.000000
1.000000
0.900000
1.000000
1.000000
1.000000
1.000000
1.000000
0.966667
0.833333
1.000000
0.933333
0.966667
0.833333
0.966667
1.000000
1.000000
0.966667
1.000000
1.000000
1.000000
1.000000
0.933333
1.000000
1.000000
0.933333
1.000000
1.000000
1.000000
1.000000
0.933333
1.000000
1.000000
0.966667
0.966667
1.000000
1.000000
0.966667
0.966667
1.000000
1.000000
1.000000
1.000000
1.000000
1.000000
1.000000
0.966667
1.000000
1.000000
0.933333
0.966667
1.000000
1.000000
0.966667
1.000000
0.933333
1.000000
1.000000
0.966667
1.000000
1.000000
1.000000
1.000000
0.966667
0.933333
1.000000
1.000000
1.000000
1.000000
0.966667
1.000000
1.000000
0.966667
1.000000
1.000000
0.966667
0.866667
1.000000
1.000000
1.000000
1.000000
1.000000
1.000000
1.000000
1.000000
0.933333
1.000000
1.000000
1.000000
1.000000
1.000000
1.000000
0.966667
1.000000
1.000000
0.933333
1.000000
0.966667
1.000000
0.966667
0.966667
1.000000
1.000000
0.966667
1.000000
1.000000
1.000000
1.000000
1.000000
1.000000
0.866667
1.000000
1.000000
1.000000
0.933333
0.800000
0.966667
1.000000
1.000000
1.000000
0.966667
1.000000
1.000000
0.966667
1.000000
1.000000
0.933333
0.866667
1.000000
1.000000
1.000000
0.933333
1.000000
1.000000
0.966667
0.933333
1.000000
1.000000
1.000000
1.000000
0.966667
0.933333
1.000000
1.000000
1.000000
1.000000
0.866667
1.000000
1.000000
0.966667
1.000000
1.000000
1.000000
1.000000
1.000000
0.766667
1.000000
1.000000
0.866667
1.000000
1.000000
0.966667
1.000000
0.933333
1.000000
1.000000
1.000000
1.000000
1.000000
1.000000
1.000000
1.000000
0.900000
0.933333
1.000000
0.966667
1.000000
0.966667
1.000000
1.000000
1.000000
0.966667
1.000000
1.000000
0.933333
1.000000
0.966667
0.833333
0.966667
1.000000
1.000000
1.000000
1.000000
1.000000
0.933333
1.000000
0.966667
1.000000
1.000000
0.933333
0.966667
1.000000
0.966667
0.966667
1.000000
1.000000
1.000000
0.833333
1.000000
1.000000
1.000000
1.000000
0.966667
1.000000
0.900000
1.000000
1.000000
1.000000
1.000000
0.966667
1.000000
1.000000
1.000000
1.000000
0.966667
1.000000
0.966667
1.000000
0.933333
1.000000
1.000000
1.000000
1.000000
1.000000
1.000000
0.966667
1.000000
1.000000
0.966667
1.000000
1.000000
1.000000
1.000000
1.000000
1.000000
1.000000
0.966667
1.000000
1.000000
1.000000
1.000000
1.000000
1.000000
1.000000
1.000000
1.000000
1.000000
1.000000
1.000000
1.000000
0.866667
1.000000
1.000000
1.000000
0.833333
1.000000
0.900000
1.000000
1.000000
1.000000
1.000000
0.933333
1.000000
1.000000
0.933333
1.000000
0.966667
1.000000
1.000000
1.000000
1.000000
1.000000
1.000000
1.000000
1.000000
0.933333
0.966667
1.000000
1.000000
0.966667
1.000000
1.000000
